0.86415370
0.00145840
0.00120383
0.00136608
0.00089018
0.00078226
0.00088030
0.00065882
0.00063664
0.00057824
0.00074550
0.00087377
0.00070904
0.00058934
0.00069560
0.00064407
0.00072426
0.00054486
0.00057694
0.00065957
0.00058406
0.00056621
0.00065048
0.00063404
0.00068990
0.00098413
0.00067654
0.00053920
0.00060040
0.00109191
0.00058838
0.00052134
0.00080129
0.00108473
0.00106596
0.00086878
0.00121701
0.00065292
0.00066701
0.00056241
0.00093897
0.00046921
0.00083205
0.00099421
0.00099718
0.00087073
0.00064979
0.00065474
0.00053351
0.00039630
0.00039796
0.00065763
0.00078767
0.00052654
0.00104502
0.00061348
0.00058345
0.00054187
0.00051946
0.00036229
0.00044563
0.00035055
0.00036802
0.00049487
0.00048877
0.00056779
0.00059785
0.00037195
0.00038718
0.00034433
0.00041251
0.00035317
0.00054581
0.00035994
0.00037358
0.00049293
0.00108369
0.00073568
0.00061299
0.00100199
0.00050038
0.00038054
0.00047523
0.00043371
0.00039427
0.00059796
0.00040342
0.00035614
0.00071059
0.00086690
0.00058560
0.00043058
0.00088083
0.00125801
0.00076855
0.00052918
0.00055424
0.00079076
0.00059402
0.00087755
0.00076732
0.00060364
0.00063204
0.00084239
0.00070836
0.00076304
0.00095504
0.00051629
0.00041836
0.00040567
0.00038971
0.00043196
0.00039384
0.00035762
0.00037022
0.00035464
0.00037272
0.00070112
0.00042621
0.00048128
0.00047429
0.00054791
0.00077253
0.00038696
0.00039894
0.00055951
0.00062330
0.00044855
0.00079933
0.00055195
0.00062783
0.00056526
0.00062688
0.00060166
0.00051249
0.00059423
0.00000000
0.00000000
0.00000000
0.00000000
1.99413712
0.00107924
0.00116722
0.00076034
0.00065160
0.00073348
0.00055477
0.00067118
0.00062408
0.00048115
0.00056900
0.00056592
0.00044377
0.00044670
0.00048327
0.00038205
0.00040365
0.00049861
0.00063715
0.00035996
0.00000000
0.00000000
0.00000000
0.00000000
1.40997171
0.00148774
0.00118237
0.00088569
0.00082216
0.00058552
0.00086930
0.00062333
0.00068558
0.00086384
0.00078019
0.00089142
0.00081234
0.00060167
0.00070504
0.00073495
0.00062194
0.00075041
0.00073707
0.00055061
0.00105713
0.00069883
0.00063766
0.00103859
0.00000000
0.00000000
0.00000000
0.00000000
0.38558940
0.00130860
0.00128043
0.00117975
0.00081235
0.00085772
0.00058938
0.00047972
0.00122567
0.00073525
0.00049223
0.00077364
0.00072780
0.00048681
0.00040673
0.00091588
0.00060444
0.00046814
0.00085959
0.00062742
0.00042122
0.00083092
0.00061321
0.00061662
0.00089270
0.00074024
0.00064037
0.00095531
0.00067129
0.00050509
0.00102244
0.00058126
0.00042504
0.00043127
0.00048962
0.00038062
0.00044031
0.00100651
0.00062492
0.00040012
0.00040430
0.00107447
0.00077133
0.00063965
0.00059819
0.00044497
0.00052916
0.00048091
0.00000000
0.00000000
0.00000000
0.00000000
0.66723555
0.00082476
0.00061080
0.00074256
0.00070600
0.00053320
0.00061850
0.00042169
0.00037161
0.00126832
0.00051816
0.00103205
0.00059632
0.00042020
0.00076795
0.00059950
0.00046905
0.00075416
0.00056985
0.00058776
0.00064714
0.00055943
0.00077854
0.00000000
0.00000000
0.00000000
0.00000000
0.93923804
0.00114432
0.00083643
0.00099957
0.00087603
0.00058396
0.00078686
0.00086263
0.00087061
0.00089188
0.00055030
0.00118064
0.00069854
0.00049154
0.00088105
0.00065369
0.00084341
0.00068100
0.00065752
0.00085299
0.00064700
0.00048754
0.00052674
0.00048576
0.00045712
0.00047407
0.00071660
0.00058794
0.00048433
0.00094301
0.00075521
0.00064209
0.00104004
0.00000000
0.00000000
0.00000000
0.00000000
0.75103623
0.00140350
0.00083222
0.00066752
0.00065489
0.00119661
0.00066480
0.00112512
0.00067021
0.00098488
0.00065152
0.00083527
0.00088038
0.00054335
0.00100702
0.00065080
0.00053266
0.00087253
0.00058890
0.00096887
0.00065163
0.00069015
0.00084975
0.00000000
0.00000000
0.00000000
0.00000000
0.55604887
0.00077584
0.00126840
0.00098395
0.00072453
0.00056679
0.00071118
0.00053871
0.00070379
0.00059831
0.00038979
0.00106355
0.00047676
0.00000000
0.00000000
