2.07915037
0.00418671
0.00446016
0.00307213
0.00248551
0.00254102
0.00263364
0.00316501
0.00230720
0.00212914
0.00253734
0.00226525
0.00193339
0.00235619
0.00235432
0.00233499
0.00239147
0.00215423
0.00231394
0.00252829
0.00217645
0.00248199
0.00205516
0.00218691
0.00222743
0.00230831
0.00204627
0.00202587
0.00212571
0.00214077
0.00225038
0.00205779
0.00213197
0.00212895
0.00198281
0.00214640
0.00223019
0.00212183
0.00218959
0.00265616
0.00266892
0.00205921
0.00193748
0.00205024
0.00209115
0.00214137
0.00230237
0.00206455
0.00199888
0.00225376
0.00205049
0.00211816
0.00196810
0.00218241
0.00214553
0.00209163
0.00203259
0.00202382
0.00193971
0.00223032
0.00216981
0.00268995
0.00219833
0.00270062
0.00290786
0.00282236
0.00250144
0.00227616
0.00191844
0.00202674
0.00223635
0.00222785
0.00211679
0.00224100
0.00197705
0.00209247
0.00205534
0.00211327
0.00200473
0.00205010
0.00205950
0.00212038
0.00214036
0.00211663
0.00206910
0.00214515
0.00241153
0.00238042
0.00205906
0.00224671
0.00210023
0.00190797
0.00209543
0.00208214
0.00209704
0.00212838
0.00216445
0.00212283
0.00205186
0.00206064
0.00201938
0.00196660
0.00198511
0.00197844
0.00197900
0.00198376
0.00198055
0.00219121
0.00200022
0.00197333
0.00219210
0.00262201
0.00250366
0.00224681
0.00216838
0.00203899
0.00205749
0.00212563
0.00196571
0.00202368
0.00207768
0.00207679
0.00199948
0.00202765
0.00199884
0.00216421
0.00199725
0.00187208
0.00208296
0.00208291
0.00208614
0.00212435
0.00229976
0.00234769
0.00216098
0.00197439
0.00200184
0.00215548
0.00204192
0.00201932
0.00203471
0.00193173
0.00195949
0.00193357
0.00197528
0.00203807
0.00201150
0.00198116
0.00230817
0.00204846
0.00209457
0.00210833
0.00193548
0.00203925
0.00193076
0.00207482
0.00218272
0.00216295
0.00248315
0.00203922
0.00207025
0.00198785
0.00197884
0.00199264
0.00200035
0.00199238
0.00208426
0.00206521
0.00200226
0.00203519
0.00199478
0.00198371
0.00203753
0.00200248
0.00203085
0.00198027
0.00197708
0.00200307
0.00204134
0.00197962
0.00198848
0.00203383
0.00216150
0.00235557
0.00212153
0.00199091
0.00223797
0.00226468
0.00202827
0.00214001
0.00201215
0.00198838
0.00194508
0.00197916
0.00203892
0.00199064
0.00200834
0.00213975
0.00230742
0.00213173
0.00205571
0.00210551
0.00210937
0.00202342
0.00199830
0.00198937
0.00216837
0.00243398
0.00219980
0.00205368
0.00204518
0.00198389
0.00220206
0.00229831
0.00211246
0.00199843
0.00200072
0.00194316
0.00196436
0.00198329
0.00202507
0.00204905
0.00200713
0.00203515
0.00197328
0.00199407
0.00200579
0.00203646
0.00201955
0.00200461
0.00198302
0.00212311
0.00221256
0.00210297
0.00200084
0.00204465
0.00204780
0.00197533
0.00198891
0.00198245
0.00201666
0.00197579
0.00204560
0.00200016
0.00199815
0.00199311
0.00205092
0.00202813
0.00201133
0.00195293
0.00203871
0.00198787
0.00199402
0.00222845
0.00210443
0.00218672
0.00211328
0.00241294
0.00207749
0.00192374
0.00187589
0.00189177
0.00211253
0.00200240
0.00193112
0.00198879
0.00205006
0.00204556
0.00216339
0.00201165
0.00234235
0.00212723
0.00205589
0.00211955
0.00209262
0.00203062
0.00196089
0.00197826
0.00201169
0.00216391
0.00241093
0.00219281
0.00207983
0.00199625
0.00197458
0.00201339
0.00207952
0.00200430
0.00204827
0.00201837
0.00218997
0.00210638
0.00197989
0.00199071
0.00202248
0.00197368
0.00197899
0.00198652
0.00198250
0.00203004
0.00208225
0.00198431
0.00198654
0.00207915
0.00228503
0.00219121
0.00202497
0.00201027
0.00200299
0.00218203
0.00224847
0.00216044
0.00199299
0.00203006
0.00196977
0.00213163
0.00209750
0.00210403
0.00194520
0.00204199
0.00202608
0.00214006
0.00203329
0.00198976
0.00211639
0.00209851
0.00197535
0.00202662
0.00211659
0.00246467
0.00215381
0.00201093
0.00195324
0.00199922
0.00220766
0.00205827
0.00209027
0.00209743
0.00204673
0.00198590
0.00197417
0.00201094
0.00206519
0.00208650
0.00203803
0.00202524
0.00188828
0.00202547
0.00201786
0.00214624
0.00269378
0.00235844
0.00203841
0.00233717
0.00211361
0.00197186
0.00204674
0.00205236
0.00208318
0.00195707
0.00198475
0.00200669
0.00195691
0.00214195
0.00197109
0.00207952
0.00206632
0.00206934
0.00221546
0.00220967
0.00229220
0.00241409
0.00232353
0.00213137
0.00256387
0.00255728
0.00201525
0.00208043
0.00215897
0.00218410
0.00211569
0.00220425
0.00233530
0.00226845
0.00223058
0.00216931
0.00210767
0.00210258
0.00211110
0.00203606
0.00204672
0.00214955
0.00233281
0.00222848
0.00232686
0.00257200
0.00245143
0.00308898
0.00322313
0.00243938
0.00214935
0.00220451
0.00206701
0.00226178
0.00212580
0.00231746
0.00210994
0.00206796
0.00204627
0.00210446
0.00212998
0.00205665
0.00206033
0.00208060
0.00211271
0.00211719
0.00216962
0.00209553
0.00213681
0.00289218
0.00210623
0.00201740
0.00209159
0.00200110
0.00220925
0.00220310
0.00203943
0.00283773
0.00291182
0.00271757
0.00215678
0.00217987
0.00209455
0.00237978
0.00271924
0.00222566
0.00232276
0.00218301
0.00229035
0.00218307
0.00254678
0.00219362
0.00203753
0.00200809
0.00205641
0.00205402
0.00199354
0.00202800
0.00206144
0.00198285
0.00200187
0.00197350
0.00205358
0.00198317
0.00205204
0.00218266
0.00215512
0.00203779
0.00204940
0.00207330
0.00212769
0.00247054
0.00219007
0.00196805
0.00223474
0.00206062
0.00197629
0.00206713
0.00195280
0.00217143
0.00230674
0.00276610
0.00387286
0.00282025
0.00225788
0.00227498
0.00218512
0.00205049
0.00204261
0.00209279
0.00195021
0.00191469
0.00212336
0.00224904
0.00225723
0.00297858
0.00341862
0.00222481
0.00209017
0.00252078
0.00234269
0.00213702
0.00211745
0.00195797
0.00219260
0.00205113
0.00212153
0.00216857
0.00206817
0.00205840
0.00218170
0.00208924
0.00199889
0.00203579
0.00215511
0.00232065
0.00211686
0.00204892
0.00206215
0.00240357
0.00211988
0.00200292
0.00203556
0.00219960
0.00237199
0.00211196
0.00232036
0.00224487
0.00221798
0.00227832
0.00224837
0.00221928
0.00211265
0.00205330
0.00207259
0.00209176
0.00207397
0.00247172
0.00242041
0.00221606
0.00200201
0.00206864
0.00206551
0.00370908
0.00407610
0.00364149
0.00405483
0.00418901
0.00264710
0.00219161
0.00285971
0.00235433
0.00209301
0.00204538
0.00215018
0.00233144
0.00229925
0.00206398
0.00202263
0.00244521
0.00223118
0.00204630
0.00192222
0.00207865
0.00314471
0.00304084
0.00263517
0.00216620
0.00304835
0.00280477
0.00207420
0.00204980
0.00226227
0.00221836
0.00252986
0.00225164
0.00251809
0.00304630
0.00250804
0.00206976
0.00203303
0.00202916
0.00208928
0.00207770
0.00202470
0.00200636
0.00207172
0.00214071
0.00210270
0.00210229
0.00204939
0.00204853
0.00206232
0.00201237
0.00204736
0.00209253
0.00211419
0.00225904
0.00224336
0.00240032
0.00219407
0.00204674
0.00245921
0.00207625
0.00203619
0.00196043
0.00211026
0.00216034
0.00205798
0.00206507
0.00201470
0.00206967
0.00230918
0.00215367
0.00211631
0.00214242
0.00205282
0.00220441
0.00207852
0.00209652
0.00198267
0.00204963
0.00266241
0.00226726
0.00206628
0.00200995
0.00195488
0.00192640
0.00189790
0.00187379
0.00202820
0.00204555
0.00197462
0.00202668
0.00198272
0.00198011
0.00206754
0.00207127
0.00204485
0.00198157
0.00200294
0.00207164
0.00199819
0.00213954
0.00219900
0.00208112
0.00214269
0.00207313
0.00196728
0.00202559
0.00205160
0.00200897
0.00197561
0.00204567
0.00200186
0.00198503
0.00204635
0.00203118
0.00201694
0.00201460
0.00209871
0.00204852
0.00198088
0.00200132
0.00205037
0.00203283
0.00197029
0.00217647
0.00218722
0.00211235
0.00207203
0.00198875
0.00213210
0.00213492
0.00210332
0.00213821
0.00204543
0.00200428
0.00204606
0.00204894
0.00208337
0.00207364
0.00202773
0.00198820
0.00200723
0.00204552
0.00204217
0.00198927
0.00210203
0.00203320
0.00203196
0.00208603
0.00215489
0.00216043
0.00208524
0.00195396
0.00198499
0.00196113
0.00199546
0.00199544
0.00205814
0.00205855
0.00198537
0.00200852
0.00204435
0.00194479
0.00201627
0.00206080
0.00202989
0.00203161
0.00198157
0.00200057
0.00201319
0.00204625
0.00200877
0.00211123
0.00222000
0.00211179
0.00199363
0.00221683
0.00213855
0.00205747
0.00204597
0.00198548
0.00206236
0.00202820
0.00200824
0.00204442
0.00200919
0.00197401
0.00199062
0.00197987
0.00200161
0.00198420
0.00201552
0.00197505
0.00220176
0.00214591
0.00215483
0.00225544
0.00274848
0.00218426
0.00205409
0.00204791
0.00201594
0.00216285
0.00198235
0.00201356
0.00196662
0.00202355
0.00200911
0.00203588
0.00206073
0.00201737
0.00199301
0.00201430
0.00203718
0.00205055
0.00199967
0.00200063
0.00202942
0.00280230
0.00214793
0.00227536
0.00208164
0.00192847
0.00237505
0.00206309
0.00204617
0.00198234
0.00201506
0.00198209
0.00213888
0.00201309
0.00204204
0.00198849
0.00203499
0.00202351
0.00193572
0.00204241
