0.00241754
0.00134272
0.00116363
0.00179564
0.00122770
0.00101352
0.00082242
0.00121389
0.00102854
0.00090193
0.00089426
0.00093754
0.00093554
0.00088802
0.00173065
0.00102416
0.00090155
0.00082411
0.00086040
0.00099125
0.00144394
0.00102739
0.00090869
0.00085097
0.00086399
0.00086881
0.00085750
0.00082987
0.00080711
0.00077935
0.00080345
0.00098488
0.00080474
0.00086876
0.00080504
0.00077809
0.00080238
0.00080372
0.00000000
0.00000000
0.00000000
0.00000000
5.45575878
0.00226000
0.00191081
0.00152483
0.00159181
0.00128203
0.00154638
0.00215419
0.00148361
0.00178373
0.00165625
0.00262289
0.00260042
0.00125037
0.00117205
0.00127169
0.00171273
0.00153690
0.00200415
0.00260529
0.00183977
0.00135685
0.00184856
0.00175124
0.00123550
0.00117629
0.00246764
0.00143165
0.00113642
0.00130619
0.00188550
0.00127879
0.00000000
0.00000000
0.00000000
0.00000000
2.35466866
0.00351644
0.00209857
0.00158239
0.00152533
0.00170425
0.00197179
0.00147451
0.00131596
0.00162287
0.00209775
0.00148037
0.00133026
0.00158340
0.00178272
0.00149995
0.00172879
0.00187654
0.00179377
0.00138345
0.00131290
0.00195388
0.00173957
0.00128661
0.00128607
0.00136665
0.00221659
0.00128290
0.00152476
0.00136414
0.00137793
0.00121712
0.00128302
0.00119114
0.00129701
0.00149238
0.00171310
0.00129915
0.00153719
0.00138643
0.00159924
0.00183352
0.00200585
0.00163398
0.00136327
0.00139127
0.00119750
0.00134101
0.00124058
0.00120953
0.00130006
0.00127962
0.00121134
0.00111089
0.00135450
0.00134919
0.00179501
0.00118222
0.00119134
0.00128414
0.00134870
0.00114304
0.00142178
0.00121119
0.00118283
0.00117902
0.00121588
0.00118319
0.00116740
0.00116546
0.00118214
0.00117155
0.00120691
0.00118590
0.00000000
0.00000000
0.00000000
0.00000000
1.32406718
0.00139000
0.00129193
0.00129326
0.00085961
0.00078449
0.00103200
0.00211445
0.00072996
0.00051794
0.00051519
0.00052602
0.00124785
0.00115418
0.00095515
0.00082746
0.00055161
0.00091026
0.00091368
0.00069491
0.00070582
0.00074147
0.00122551
0.00086619
0.00061036
0.00054999
0.00102970
0.00097614
0.00069177
0.00065153
0.00079818
0.00130794
0.00088478
0.00062339
0.00058160
0.00072157
0.00134582
0.00107297
0.00088459
0.00058129
0.00085214
0.00081153
0.00056318
0.00051231
0.00050553
0.00060400
0.00089357
0.00060890
0.00056404
0.00050188
0.00055942
0.00059483
0.00098553
0.00058359
0.00051604
0.00051923
0.00054471
0.00050625
0.00051721
0.00049150
0.00083231
0.00113087
0.00059087
0.00056886
0.00110910
0.00130585
0.00116733
0.00104588
0.00071891
0.00059515
0.00066298
0.00065449
0.00058793
0.00058797
0.00052084
0.00052708
0.00054442
0.00057190
0.00050869
0.00048896
0.00056655
0.00057331
0.00070287
0.00081081
0.00053169
0.00050104
0.00068619
0.00056796
0.00060160
0.00055328
0.00057588
0.00049820
0.00050807
0.00048947
0.00050427
0.00049069
0.00052179
0.00049916
0.00077895
0.00050669
0.00059413
0.00055576
0.00068569
0.00055534
0.00061193
0.00048452
0.00051883
0.00063193
0.00089237
0.00064148
0.00074128
0.00057630
0.00057479
0.00063459
0.00051485
0.00048954
0.00051104
0.00048881
0.00052106
0.00064980
0.00059112
0.00056497
0.00050627
0.00065558
0.00000000
0.00000000
0.00000000
0.00000000
0.96605141
0.00235761
0.00143516
0.00156849
0.00161808
0.00161642
0.00127549
0.00094801
0.00116952
0.00086363
0.00086069
0.00096448
0.00126452
0.00088321
0.00086119
0.00080270
0.00075492
0.00100980
0.00090643
0.00077512
0.00092912
0.00115363
0.00091967
0.00079582
0.00078024
0.00077422
0.00074757
0.00092536
0.00091067
0.00079899
0.00102703
0.00118358
0.00100870
0.00073622
0.00085429
0.00093527
0.00079235
0.00069505
0.00093341
0.00089072
0.00102930
0.00085213
0.00079235
0.00070746
0.00104207
0.00089912
0.00086721
0.00084132
0.00083090
0.00071834
0.00080077
0.00069795
0.00076397
0.00096913
0.00166485
0.00110929
0.00106343
0.00081192
0.00072644
0.00078332
0.00194089
0.00220010
0.00114163
0.00079040
0.00079926
0.00091293
0.00088631
0.00080071
0.00078525
0.00081049
0.00072765
0.00069673
0.00076590
0.00080407
0.00127524
0.00081303
0.00100261
0.00000000
0.00000000
0.00000000
0.00000000
0.71641166
0.00350204
0.00256511
0.00193286
0.00148710
0.00217470
0.00168392
0.00098933
0.00136051
0.00152259
0.00093865
0.00087399
0.00092211
0.00095071
0.00123813
0.00095876
0.00084680
0.00086261
0.00130679
0.00090172
0.00078343
0.00081539
0.00095729
0.00099270
0.00093675
0.00097043
0.00168809
0.00124510
0.00108433
0.00107244
0.00089942
0.00086794
0.00105948
0.00087158
0.00085153
0.00076969
0.00091710
0.00098628
0.00079990
0.00092640
0.00082212
0.00088024
0.00101977
0.00084291
0.00080036
0.00111427
0.00089294
0.00097210
0.00154997
0.00090608
0.00109034
0.00095933
0.00086988
0.00077538
0.00136759
0.00094608
0.00088518
0.00086990
0.00094183
0.00152301
0.00133775
0.00120118
0.00096733
0.00090812
0.00129193
0.00120728
0.00106169
0.00087628
0.00113455
0.00112086
0.00091201
0.00079617
0.00079010
0.00077389
0.00081318
0.00082135
0.00081100
0.00079827
0.00000000
0.00000000
0.00000000
0.00000000
0.54796606
0.00195562
0.00145976
0.00213894
0.00130482
0.00166575
0.00105876
0.00092209
0.00095512
0.00134073
0.00139350
0.00122100
0.00096544
0.00166724
0.00148460
0.00121308
0.00097727
0.00157378
0.00145148
0.00121562
0.00000000
0.00000000
0.00000000
0.00000000
0.62411710
0.00157094
0.00145230
0.00070747
0.00060053
0.00093329
0.00093675
0.00076232
0.00044857
0.00060293
0.00000000
0.00000000
0.00000000
0.00000000
0.58995857
0.00224583
0.00157267
0.00178767
0.00102120
0.00107398
0.00117893
0.00133503
0.00122369
0.00082492
0.00071953
0.00086436
0.00118595
0.00094058
0.00071282
0.00070815
0.00072967
0.00095278
0.00079286
0.00073742
0.00076752
0.00070871
0.00091798
0.00081037
0.00070210
0.00075724
0.00141167
0.00106656
0.00087565
0.00000000
0.00000000
0.00000000
0.00000000
0.47107228
0.00211363
0.00129602
0.00099216
0.00125343
0.00138740
0.00117838
0.00086497
0.00065389
0.00172605
0.00096067
0.00081628
0.00074218
0.00101407
0.00119133
0.00079480
0.00070621
0.00060480
0.00074145
0.00076361
0.00082972
0.00060737
0.00063628
0.00078544
0.00081432
0.00075571
0.00112523
0.00128758
0.00153162
0.00124236
0.00097863
0.00122235
0.00112634
0.00068398
0.00082394
0.00069089
0.00077197
0.00092794
0.00073450
0.00068096
0.00070302
0.00069802
0.00088141
0.00067979
0.00067530
0.00061217
0.00065348
0.00104031
0.00073637
0.00069714
0.00069563
0.00069780
0.00084196
0.00117566
0.00086492
0.00094119
0.00095744
0.00063187
0.00073880
0.00096244
0.00133765
0.00080464
0.00072398
0.00086223
0.00067763
0.00088617
0.00088769
0.00067790
0.00089016
0.00073533
0.00075778
0.00082931
0.00063770
0.00075899
0.00093770
0.00082413
0.00072329
0.00062052
0.00063762
0.00060731
0.00063796
0.00073938
0.00065731
0.00074151
0.00082944
0.00070270
0.00070119
0.00060299
0.00063882
0.00060739
0.00073402
0.00061060
0.00062206
0.00060664
0.00060976
0.00060240
0.00061749
0.00059359
0.00091111
0.00107121
0.00076541
0.00116086
0.00079266
0.00068646
0.00068646
0.00067866
0.00068627
0.00062289
0.00064301
0.00059868
0.00061011
0.00059384
0.00064122
0.00060953
0.00063062
0.00060876
0.00064429
0.00062069
0.00061629
0.00060937
0.00061889
0.00070431
0.00093589
0.00081782
0.00071014
0.00074604
0.00062993
0.00060199
0.00076038
0.00064747
0.00060288
0.00060559
0.00077949
0.00061463
0.00061167
0.00061048
0.00070431
0.00060043
0.00061962
0.00072176
0.00061777
0.00060269
0.00061048
0.00060842
0.00063592
0.00111107
0.00085051
0.00101653
0.00096021
0.00065251
0.00064253
0.00059484
0.00078278
0.00059488
0.00061294
0.00063685
0.00062482
0.00060416
0.00088136
0.00091539
0.00079930
0.00076123
0.00073955
0.00081443
0.00085349
0.00078275
0.00081836
0.00067568
0.00066330
0.00083837
0.00089719
0.00073421
0.00068645
0.00072556
0.00082752
0.00060910
0.00074090
0.00066729
0.00068253
0.00066293
0.00076323
0.00065362
0.00062570
0.00068246
0.00063427
0.00063144
0.00063441
0.00060955
0.00075881
0.00059457
0.00065282
0.00069974
0.00065325
0.00086940
0.00087496
0.00082639
0.00070688
0.00070033
0.00067575
0.00066232
0.00061530
0.00074415
0.00061332
0.00061588
0.00064041
0.00071134
0.00068862
