10000
9.851133
9.834765
9.7825985
9.812403
9.761911
9.796153
9.76994
9.749738
9.72802
9.620721
9.579967
9.557966
9.54239
9.457874
9.483251
9.416344
9.435958
9.337909
9.245485
9.21265
9.223406
9.252905
9.129716
9.022004
9.120183
9.08645
9.110327
9.01615
8.935707
8.92191
8.81297
8.815263
8.709946
8.7106285
8.612613
8.611842
8.503706
8.385309
8.297817
8.352648
8.370876
8.200479
8.099694
8.055511
8.045296
7.8912683
7.772479
7.8147783
7.615677
7.538987
7.2750626
7.494078
7.3265996
7.1528745
7.072463
7.007289
6.989932
6.853132
6.944146
6.955132
7.037231
7.0034413
6.93908
6.784349
6.9450746
6.8482227
6.826852
6.8513055
6.8888516
6.9573674
6.9360995
7.0075655
6.9577436
6.9482107
6.9973364
6.978165
7.108211
6.9913163
7.060912
6.798134
7.050454
6.896999
6.9789844
6.8521547
7.0043535
6.845358
6.9029527
7.0265145
6.9575443
6.958494
6.9730167
7.231438
7.4053936
7.399772
7.4907074
7.562596
7.5878105
7.8347597
7.949035
8.242758
8.159437
8.20759
8.18203
8.038649
8.08807
8.238558
8.300396
8.27479
8.231156
8.502649
8.402311
8.329924
8.299693
8.227012
8.177338
8.122085
8.115587
8.192221
8.13528
8.1124
8.052795
7.9743876
7.910969
8.049883
7.981889
7.97544
7.9833937
7.904205
7.8552012
7.7808223
7.748381
7.6529617
7.5956674
7.648777
7.562971
7.5862317
7.504242
7.616461
7.560088
7.5631666
7.609315
7.5907784
7.550303
7.566707
7.50042
7.580293
7.5284243
7.5580287
7.609461
7.543247
7.5035357
7.609657
7.493751
7.4950585
7.416785
7.4121485
7.3937025
7.415197
7.280909
7.3273287
7.3724456
7.3368535
7.2995825
7.393528
7.321148
7.261201
7.261056
7.340754
7.354302
7.3380103
7.3717327
7.3988996
7.508575
7.538269
7.318198
7.388715
7.3032126
7.273677
7.3167677
7.26576
7.1667323
7.127185
7.1142745
7.1241484
7.033375
7.105095
7.1026525
7.0871644
7.121442
7.0124288
7.1858006
7.0506215
7.0187235
6.9175816
6.871837
6.794256
6.778369
6.6738915
6.5295086
6.885119
6.5982256
6.6966724
6.5557184
6.5695505
6.558918
6.365042
6.36687
6.4126463
6.387551
6.251513
6.336203
6.25565
6.5286684
6.431979
6.5967436
6.223611
6.461954
6.604164
6.6277027
6.6948676
6.503496
6.6585026
6.5326786
6.8279004
6.6969776
6.725
6.485044
6.794493
6.592379
6.7727323
6.734514
6.6922884
6.6584907
6.673432
6.7085567
6.6976843
6.6277695
6.5603366
6.672062
6.705095
6.5682945
6.642538
6.454466
6.7423706
6.634688
6.8504286
6.4775257
6.8606877
6.7910113
6.7334175
6.7401924
6.3664284
6.6590147
6.549228
6.5555205
6.5051546
6.603081
6.5631022
6.7550635
6.7437487
6.55562
6.5062623
6.6864004
6.614371
6.71685
6.6366315
6.595027
6.7601643
6.7902474
6.632109
6.7011895
6.681798
6.633882
6.569307
6.679089
6.468079
6.6167064
6.8186216
6.683438
6.584139
6.732238
6.724463
6.6647544
6.6466265
6.536529
6.6344514
6.512006
6.70117
6.692736
6.60818
6.5613637
6.5682425
6.454972
6.439657
6.636961
6.28199
6.429122
6.507171
6.317813
6.4280076
6.2585
6.3437204
6.4511957
6.158119
6.311178
6.1801343
6.518227
6.424831
6.4261036
6.3803263
6.405951
6.5189896
6.473983
6.3786917
6.536468
6.5990505
6.6089563
6.2312555
6.6776714
6.4755206
6.562092
6.4543166
6.562215
6.368631
6.6164804
6.551649
6.536044
6.45601
6.506267
6.4417067
6.546829
6.3598585
6.575535
6.286799
6.5209045
6.3057866
6.519139
6.5285106
6.356471
6.404441
6.4281034
6.5021744
6.4454875
6.3732533
6.2881684
6.2879643
6.359146
6.379869
6.3678913
6.312516
6.438938
6.3514986
6.3556356
6.20025
6.4671655
6.4584084
6.4940805
6.5378428
6.6110287
6.51967
6.52455
6.596144
6.5966663
6.674219
6.9217467
6.8479166
6.874325
6.814504
6.887227
6.8603683
6.845895
6.887953
6.911029
6.941841
7.1262407
6.944343
7.115902
6.9473104
7.013174
6.8575544
6.9052787
6.932608
6.9549685
6.836419
6.7979107
6.9139347
6.9661117
6.8500805
6.891143
6.8022385
6.8075557
6.800097
6.7040153
6.680068
6.5885167
6.6320505
6.763151
6.764444
6.702671
6.6751833
6.778781
6.5863304
6.694193
6.662578
6.663632
6.494982
6.598957
6.6477733
6.5296483
6.5589595
6.6558137
6.573333
6.667833
6.706132
6.7005744
6.77088
6.736643
6.6336308
6.6829624
6.6513543
6.8280087
6.587133
6.7909784
6.6086407
6.656226
6.6583133
6.767268
6.602079
6.645547
6.729905
6.7892575
6.6395545
6.797229
6.8951087
6.819358
6.715535
6.63455
6.7005525
7.0111294
6.8884034
6.8154793
6.8720446
6.9658628
6.8291516
6.888572
6.94132
7.0111732
6.93638
7.1340647
7.024029
6.900437
6.8111396
6.8892746
6.9077053
6.717273
6.7968225
6.928891
6.886942
6.882312
6.901612
6.853014
6.985053
6.774983
7.0149508
6.816595
6.842285
6.896798
6.718883
6.93782
6.779311
6.6582546
6.9054
6.9250236
6.7462673
6.8247757
6.851501
6.8422947
7.055899
6.764386
6.861898
6.8176913
6.936263
6.7160497
6.9345407
6.8192344
6.955825
6.898041
6.971204
6.967696
6.9037547
7.059669
7.0230346
6.9480443
7.092211
7.030968
7.172418
7.2883883
7.006954
7.408154
7.3023
7.2692003
7.2283106
7.3246913
7.184538
7.2791905
7.178818
7.3960414
7.3781767
7.454357
7.415465
7.4338007
7.3434086
7.1625977
7.2066436
7.114871
7.3481436
7.388713
7.40462
7.2389207
7.146099
7.2054157
7.3832574
7.123313
7.1529965
7.1410522
7.103904
6.927342
6.9893436
6.987205
6.9830713
7.000325
7.0524387
6.9956837
7.156543
6.9201403
6.933608
6.925622
6.933298
7.047908
6.968267
6.9055843
6.927395
6.9002395
6.932351
6.9848247
6.9324627
6.993515
7.012245
6.915933
6.8771505
6.783901
6.9274898
7.0218806
6.960077
6.856817
6.8491592
6.873983
6.8059072
7.02321
6.976795
7.162078
6.98554
7.059433
7.172681
7.117075
7.08435
6.9840612
7.051631
7.081873
7.13322
7.246201
7.253136
7.4447145
7.2477045
7.3858833
7.388115
7.348053
7.354985
7.306958
7.295227
7.408419
7.4072204
7.324071
7.134915
7.140284
7.3487525
7.326949
7.3860807
7.301415
7.352853
7.139733
7.256796
7.180419
7.384013
7.3276124
7.3202267
7.2698493
6.9508333
6.823447
7.064786
7.074807
7.0156984
6.9751635
6.999585
6.7916284
6.702008
6.862453
6.8348713
6.796733
6.854095
6.7777205
6.704507
6.8790655
6.880417
6.8754587
6.820226
6.922156
6.8674307
7.0032415
6.7499804
6.886928
6.9590282
6.8427854
6.8998857
6.931546
7.0523887
6.875186
6.86619
6.810233
6.9693336
6.9590535
7.093878
6.851847
7.052308
6.9288306
6.8853545
7.1637845
7.054296
7.0223484
7.0357904
7.285042
7.2149487
7.3472333
7.067853
7.3212647
7.0774007
7.245032
7.396982
7.3416305
7.5042796
7.4108477
7.31799
7.41092
7.5764875
7.2993293
7.4687557
7.461244
7.430966
7.2848425
7.445409
7.5177655
7.330959
7.32174
7.371321
7.2399125
7.2431912
7.3046856
7.4003496
7.3827105
7.330405
7.229532
7.2316613
7.0825505
7.1665435
7.1446285
7.038234
6.853929
6.865311
6.983621
6.9157677
6.8923507
6.877259
6.888267
6.8974566
6.914301
6.8695054
6.8018475
6.69901
6.8974276
6.6873865
6.816017
6.835772
6.9671474
6.8479004
6.8318186
6.960929
6.7903085
6.858694
7.0071645
6.839416
6.931347
6.9600844
7.007673
6.854332
6.910553
6.9456806
7.0211244
6.9804764
6.85805
6.9868646
6.892396
7.0854635
7.085618
7.000118
7.212258
6.9292393
7.1801515
6.996148
7.2298846
7.1912336
7.1744094
7.049993
7.0670485
7.0812373
7.101829
7.4058127
7.340141
7.338912
7.335064
7.352517
7.3698997
7.4313774
7.1682177
7.2163014
7.2842245
7.24271
7.2976794
7.2234964
7.252856
7.13318
7.3755927
7.0449815
7.17688
7.1144896
7.132416
7.196104
7.2424436
7.125432
7.0252852
7.0578904
7.2093363
6.9709344
7.0189342
7.0476565
6.957132
7.0678844
7.034265
6.8979077
6.8900394
6.854304
6.8382363
6.7347045
6.906773
6.7864265
6.9848957
6.733703
6.9173627
6.860485
6.877797
6.8685865
7.1750827
7.200718
7.160557
7.0595894
6.84788
6.5628242
6.4609504
6.608479
6.6050334
6.1913967
6.006925
5.680371
5.330737
5.438706
4.799167
4.709691
4.294425
3.9282856
2.9845724
3.6233313
2.79476
3.2588031
3.3614123
4.003746
3.988431
2.7009618
3.906479
3.8633106
3.9712026
3.0089436
3.3621473
3.2404366
3.1869717
3.0113702
2.9888566
3.5314922
3.5484345
3.255523
3.7347891
2.6664255
2.9413168
3.4752064
3.9388385
2.7978804
3.1490119
3.1070046
3.1448383
3.5810568
3.0377438
5.599665
5.6182475
5.5492673
5.7989507
5.7663713
6.1902547
6.6090326
6.837988
6.79718
6.6256347
6.8665676
6.8408146
6.752144
6.7297297
6.818261
6.85401
6.904092
7.146041
7.0418944
6.9664316
7.1390853
7.255384
7.087432
7.087924
6.9869547
7.18171
7.067587
7.1622186
7.1532226
7.143777
7.055574
7.1430187
7.1743464
7.129596
6.9278045
6.9901567
6.99514
7.1315217
6.8878517
7.0990624
7.378138
7.2789173
7.3157854
7.3181148
7.2144732
7.4529104
7.3145566
7.03492
7.522885
7.4042625
7.5518055
7.498906
7.590029
7.6095176
7.573834
7.503843
7.615346
7.5449786
7.4399986
7.5571194
7.506121
7.5911813
7.530478
7.5113254
7.499905
7.5694313
7.6324515
7.525422
7.4083905
7.5375705
7.4507875
7.4058495
7.3580728
7.4812303
7.260398
7.4757695
7.195436
7.225789
7.245061
7.422983
7.315376
7.2764425
7.2758904
7.301624
7.2700453
7.4067607
7.3772345
7.325363
7.2632785
7.2713423
7.260766
7.4945526
7.5425563
7.5461936
7.4354076
7.49909
7.4065104
7.612024
7.4176764
7.569782
7.524154
7.477633
7.5531588
7.468969
7.384876
7.3642917
7.629523
7.5786595
7.740451
7.5256634
7.821945
7.8170347
7.647084
7.6548643
7.8770494
7.8952384
7.722031
7.769207
7.6696653
7.7183475
7.6472735
7.6020045
7.413643
7.533576
7.5566344
7.622489
7.5167513
7.4168878
7.5046263
7.4484353
7.516204
7.4686
7.324113
7.3551836
7.3178487
7.278397
7.3601217
7.353712
7.3196583
7.232765
7.3570824
7.3342185
7.4709377
7.346294
7.2897005
7.4501185
7.2737484
7.324478
7.2422876
7.386508
7.2245135
7.281378
7.475745
7.3237214
7.268698
7.432875
7.537318
7.4746604
7.51911
7.4675126
7.6579933
7.5709467
7.5176167
7.4996166
7.6648684
7.7100463
7.840405
7.6900043
7.783967
7.7721524
7.7868447
7.830229
7.717599
7.878448
7.7874155
7.655337
7.482415
7.5533304
7.3700314
7.612254
7.666053
7.581739
7.689069
7.5131273
7.6253304
7.5334387
7.4284363
7.575601
7.2471123
7.3723392
7.3821115
7.4055614
7.2782073
7.4297295
7.362141
7.409831
7.4153347
7.405442
7.6478405
7.3030405
7.353804
7.4298964
7.5481625
7.5671406
7.604105
7.4537973
7.5894947
7.7299976
7.739797
7.7610807
7.8024507
7.7988544
7.6739216
7.749001
7.74403
7.9287086
7.826487
7.9023657
7.7970304
7.8464184
7.7926397
7.654518
7.825301
7.6598225
7.6422606
7.61213
7.52114
7.7768617
7.6560516
7.6610126
7.6788416
7.589691
7.618555
7.536936
7.371584
7.431003
7.4697633
7.3431497
7.50045
7.4268923
7.249773
7.449554
7.4016128
7.362528
7.2997656
7.3431005
7.368842
7.5091133
7.544092
7.335232
7.503168
7.7014127
7.662642
7.7785473
7.667908
7.7372284
7.750524
7.8682065
7.765637
7.866754
7.7822623
7.965219
7.814721
7.907106
7.7097793
7.67569
7.6656723
7.9267774
7.538397
7.7786307
7.7700033
7.6529937
7.656095
7.589926
7.6102314
7.5094633
7.5340395
7.3883133
7.57616
7.608786
7.398859
7.5442863
7.5624957
7.3799486
7.253085
7.4019527
7.371074
7.430014
7.312294
7.482469
7.2916203
7.3576956
7.551872
7.574654
7.675677
7.668277
7.5648913
7.612382
7.8509684
7.9092317
7.9668527
7.9931564
7.982794
7.8882027
7.882378
7.823245
7.909402
7.970356
7.9112735
7.9709663
7.722129
7.7345414
7.8095665
7.792026
7.5630507
7.4444675
7.4587803
7.4528418
7.508859
7.4103794
7.3195057
7.256736
7.3067465
7.349409
7.2497206
7.364142
7.3331366
7.5511045
7.182784
7.4277997
7.4199314
7.332003
7.258545
7.5417795
7.4978905
7.6078286
7.6430016
7.527111
7.7245073
7.6884413
7.588927
7.743998
7.788599
7.736231
7.5521
7.4840574
7.6138153
7.599043
7.692539
7.5182776
7.771433
7.5562954
7.4274077
7.2421956
7.233035
7.1002026
7.071392
6.891784
7.0702233
7.115682
7.0944786
7.024992
7.1051435
7.0455713
7.104458
6.9787235
7.2235036
7.075405
7.381917
7.205132
7.365044
7.3911834
7.4347568
7.4975047
7.521757
7.59666
7.4870996
7.2633076
7.5735855
7.513463
7.4791555
7.737936
7.7162113
7.822133
7.53936
7.577267
7.634206
7.8315806
7.579873
7.50416
7.3512845
7.327886
7.5847836
7.146384
7.046479
7.3496914
6.9834237
6.8788085
7.0196724
7.0133142
6.6647844
6.974907
7.0238724
6.7087474
6.92019
7.0948405
7.02521
7.0118976
7.0505333
6.9771566
7.1410832
7.0668173
7.1332674
7.3005157
7.1334143
7.2119226
7.60988
7.302993
7.669716
7.6018248
7.6149297
7.6202126
7.6683817
7.124767
7.325931
7.392933
7.1322985
7.4366503
7.4168477
7.097667
7.189366
7.115154
7.2062325
7.0786686
7.03336
7.2746615
7.217808
6.914606
6.7925096
7.0417376
7.101305
7.092259
6.7394876
7.006211
6.873122
6.825109
7.1534176
6.998601
7.2553716
7.050995
6.8168697
7.099161
6.947608
7.0520396
7.1354146
7.257168
7.342505
7.2925835
7.444704
7.5667543
7.2581234
7.5669436
7.0804076
7.143531
7.348893
7.377825
7.0697546
7.257531
7.4933047
7.299542
7.1720905
7.050794
7.1041718
7.173615
7.167736
6.8727946
6.6237664
6.8737493
6.9508862
6.877572
6.816674
6.752004
6.6316857
6.728537
6.6570764
6.6936026
6.565448
7.1081443
6.9033933
7.2711377
7.0528307
7.052437
7.0837383
7.160638
7.0193205
7.077325
7.023228
7.037663
6.9260645
7.0348854
7.038599
6.680404
6.758284
6.7515907
7.147509
6.7584867
6.677227
6.812065
6.7167697
6.5926204
6.674125
6.8153467
6.6982274
6.3554125
6.57282
6.466353
6.6938124
6.61571
6.386694
6.6010804
6.647852
6.6192756
6.6704016
6.8283825
6.6792636
6.8996086
6.868331
6.8594184
6.9741945
6.9985433
7.1067085
6.6944942
6.8257146
6.875862
6.7853165
6.75884
6.5739293
6.865852
6.5885468
6.530415
6.766572
6.6217203
6.3610206
6.4390044
6.4975185
6.3637867
6.3124685
6.2301426
6.3345623
6.154025
6.1211624
6.2377696
6.127699
6.16655
6.3720827
6.0950317
6.2793612
6.3564677
6.2365627
6.0673366
6.101328
6.0896454
6.145191
6.201233
6.376226
6.380622
6.476127
6.2910705
6.5549507
6.332528
6.3203897
6.468935
6.57923
6.2535505
6.3632755
6.5581126
6.163327
6.279798
6.3075395
6.3627357
6.2853394
6.291743
6.3607893
6.1176023
6.2361593
6.172559
6.176231
6.220865
6.1713915
6.1388936
6.0067573
5.9201384
5.9144936
5.9414253
5.884059
5.750916
5.9318213
5.879408
5.753078
5.927111
5.8639526
5.8741326
5.99291
5.8533916
5.837996
6.035154
5.881819
5.8437
6.156354
6.2707386
6.09601
6.049245
6.392146
6.0381365
6.272865
6.1011558
6.1627955
6.0636744
5.96272
6.240426
6.1953955
6.2409563
6.347553
6.444204
6.191761
6.0435967
6.2916822
6.241102
6.492997
6.3441315
6.4447956
6.4713387
6.368851
6.407006
6.41595
6.411264
6.343414
6.360004
6.2358866
6.427253
6.2241135
6.513165
6.424823
6.4061155
6.2761245
6.447959
6.4642267
6.247656
6.536474
6.5455623
6.3060484
6.4376693
6.1704235
6.44766
6.326973
6.3738036
6.2546296
6.034802
6.0620666
6.097525
6.2484946
6.4426737
6.4854608
6.4085364
6.4889636
6.563323
6.4415717
6.536128
6.5064316
6.696528
6.3777266
6.5111165
6.351959
6.4225163
6.576466
6.282549
6.2977486
6.278423
6.580924
6.6653833
6.54169
6.6904135
6.5622334
6.4189577
6.4582157
6.4215946
6.6120706
6.5685644
6.665715
6.788853
6.5683165
6.7858753
6.5682344
6.7713127
6.5254827
6.5983315
6.5695944
6.7327094
6.4631557
6.442107
6.577994
6.380955
6.640476
6.363451
6.52361
6.3338666
6.2877812
6.5253086
6.4631147
6.5639224
6.5753603
6.752469
6.4175024
6.48765
6.2078204
6.6593494
6.5685377
6.6601505
6.91081
6.7225313
6.777722
6.8283987
6.817846
6.747836
6.907343
6.9615526
6.927422
6.8681884
6.713884
6.962788
6.9865456
6.7286544
6.809693
6.914332
6.9679914
6.752757
6.7885685
6.6855197
6.6157265
6.8832493
6.6377425
6.5428615
6.590551
6.646578
6.8032336
6.848791
6.896573
6.7932367
6.965777
6.571166
6.6830573
6.722847
6.4971256
6.6631136
6.8541193
6.7616987
6.7682667
6.5306635
6.679344
6.5363774
6.29018
6.315189
6.395998
6.6027327
6.5675387
6.5769725
6.676206
6.588812
6.5002637
6.512511
6.479505
6.168779
6.14281
6.1664677
5.9574404
5.6717596
5.84112
5.952913
6.2000375
6.082081
5.9943533
6.2673526
5.982346
5.942409
6.0543413
5.854008
6.058689
5.917651
5.9706473
5.869413
6.23811
6.06458
6.0209074
6.0210285
5.9671135
5.985173
6.0271826
6.021151
6.158144
6.047819
6.3192906
6.0117517
6.256135
6.114931
6.220648
6.1279683
6.0815287
6.1399775
6.005162
6.0725417
6.2038584
6.0803914
6.027054
5.9568214
6.1000185
5.981382
5.9695473
5.9572086
5.94696
5.865449
6.0350075
5.978057
5.925569
5.8894057
6.0130024
5.8876033
5.927054
5.878964
5.870551
5.857342
5.734197
5.8010015
5.877725
5.801424
5.690733
6.051319
5.647191
5.8584795
5.9024715
5.7428885
5.916307
5.804569
6.1599097
5.942997
5.9471426
5.835949
5.7054906
5.8233657
6.0438256
5.8694706
5.8902235
5.8428483
5.9540005
5.9827986
6.075421
5.9159
5.8083506
6.0004053
6.013201
6.0833564
5.7497473
5.8679857
6.0069137
5.9925747
5.7503085
6.057759
6.058005
5.9587975
6.1168184
6.0818324
5.921711
6.0175166
5.751223
5.9780216
5.927972
6.0723386
5.815353
6.182162
5.862394
6.0962505
5.9747105
5.9863358
6.088706
6.005131
5.8015122
5.670562
6.111703
6.155295
5.9862256
6.008019
6.1417236
6.1593876
5.9841485
5.8998365
5.9653935
5.926984
5.8552957
5.7268524
5.8331375
5.9520144
5.8781366
6.041562
5.858032
5.9626255
5.834096
6.148481
5.9355574
5.847903
5.830259
5.7535734
5.6033926
5.8628283
5.8046966
5.7913523
5.7080936
5.918814
5.837915
5.841275
5.931078
5.8058085
5.812104
5.685085
5.7654467
5.9738655
5.8160543
5.974359
5.609006
6.063957
5.7129292
5.687052
5.595709
5.65057
5.904924
5.507718
5.627559
5.6169004
5.4559846
5.3168373
5.652468
5.207162
5.5111775
5.436161
5.498822
5.3037415
5.1894526
5.7823467
5.122573
5.479988
5.4716315
5.419383
5.403993
5.5456343
5.349899
5.614407
5.1426477
5.6045113
5.1780677
5.5869837
5.5143094
5.345806
5.5681543
5.4818497
5.426333
5.491251
5.6527886
5.5895133
5.660183
5.476033
5.6641507
5.724125
5.3581424
5.915618
5.6239862
5.3569436
5.5889745
5.321399
5.4383416
5.399184
5.5541716
5.506754
5.598715
5.3588233
5.741424
5.4947996
5.397698
5.540321
5.393913
5.5337634
5.492229
5.6377525
5.5369234
5.5477495
5.6262283
5.4233837
5.397457
5.5738783
5.696656
5.882573
5.5393753
5.625949
5.6722994
5.627018
5.593917
5.456051
5.660599
5.76305
5.336533
5.351143
5.3984003
5.6077595
5.6959953
5.2397423
5.278625
5.613125
5.4960175
5.400769
5.345485
5.1615906
5.459136
5.4364896
5.3186855
5.408516
5.2144604
5.3191915
5.4616537
5.449369
5.291164
5.32867
5.1289845
5.2023654
5.185647
5.253109
5.355554
5.366926
5.3488083
5.365639
5.2537384
5.3761606
5.2982874
5.3785133
5.318178
5.3155646
5.40738
5.3450785
5.244134
5.23629
5.2867393
5.430093
5.34875
5.076564
5.146627
5.257811
5.1852403
5.0566444
5.0578384
5.127662
5.343929
5.2372093
5.2731876
