10000
9.851133
9.834765
9.7825985
9.812403
9.761911
9.796153
9.76994
9.749738
9.72802
9.620721
9.579967
9.557966
9.54239
9.457874
9.483251
9.416344
9.435958
9.337909
9.245485
9.21265
9.223406
9.252905
9.129716
9.022004
9.120183
9.08645
9.110327
9.01615
8.935707
8.92191
8.81297
8.815263
8.709946
8.7106285
8.612613
8.611842
8.503706
8.385309
8.297817
8.352648
8.370876
8.200479
8.099694
8.055511
8.045296
7.8912683
7.772479
7.8147783
7.615677
7.538987
7.2750626
7.494078
7.3265996
7.1528745
7.072463
7.007289
6.989932
6.853132
6.944146
6.955132
7.037231
7.0034413
6.93908
6.784349
6.9450746
6.8482227
6.826852
6.8513055
6.8888516
6.9573674
6.9360995
7.0075655
6.9577436
6.9482107
6.9973364
6.978165
7.108211
6.9913163
7.060912
6.798134
7.050454
6.896999
6.9789844
6.8521547
7.0043535
6.845358
6.9029527
7.0265145
6.9575443
6.958494
6.9730167
7.231438
7.4053936
7.399772
7.4907074
7.562596
7.5878105
7.8347597
7.949035
8.242758
8.159437
8.20759
8.18203
8.038649
8.08807
8.238558
8.300396
8.27479
8.231156
8.502649
8.402311
8.329924
8.299693
8.227012
8.177338
8.122085
8.115587
8.192221
8.13528
8.1124
8.052795
7.9743876
7.910969
8.049883
7.981889
7.97544
7.9833937
7.904205
7.8552012
7.7808223
7.748381
7.6529617
7.5956674
7.648777
7.562971
7.5862317
7.504242
7.616461
7.560088
7.5631666
7.609315
7.5907784
7.550303
7.566707
7.50042
7.580293
7.5284243
7.5580287
7.609461
7.543247
7.5035357
7.609657
7.493751
7.4950585
7.416785
7.4121485
7.3937025
7.415197
7.280909
7.3273287
7.3724456
7.3368535
7.2995825
7.393528
7.321148
7.261201
7.261056
7.340754
7.354302
7.3380103
7.3717327
7.3988996
7.508575
7.538269
7.318198
7.388715
7.3032126
7.273677
7.3167677
7.26576
7.1667323
7.127185
7.1142745
7.1241484
7.033375
7.105095
7.1026525
7.0871644
7.121442
7.0124288
7.1858006
7.0506215
7.0187235
6.9175816
6.871837
6.794256
6.778369
6.6738915
6.5295086
6.885119
6.5982256
6.6966724
6.5557184
6.5695505
6.558918
6.365042
6.36687
6.4126463
6.387551
6.251513
6.336203
6.25565
6.5286684
6.431979
6.5967436
6.223611
6.461954
6.604164
6.6277027
6.6948676
6.503496
6.6585026
6.5326786
6.8279004
6.6969776
6.725
6.485044
6.794493
6.592379
6.7727323
6.734514
6.6922884
6.6584907
6.673432
6.7085567
6.6976843
6.6277695
6.5603366
6.672062
6.705095
6.5682945
6.642538
6.454466
6.7423706
6.634688
6.8504286
6.4775257
6.8606877
6.7910113
6.7334175
6.7401924
6.3664284
6.6590147
6.549228
6.5555205
6.5051546
6.603081
6.5631022
6.7550635
6.7437487
6.55562
6.5062623
6.6864004
6.614371
6.71685
6.6366315
6.595027
6.7601643
6.7902474
6.632109
6.7011895
6.681798
6.633882
6.569307
6.679089
6.468079
6.6167064
6.8186216
6.683438
6.584139
6.732238
6.724463
6.6647544
6.6466265
6.536529
6.6344514
6.512006
6.70117
6.692736
6.60818
6.5613637
6.5682425
6.454972
6.439657
6.636961
6.28199
6.429122
6.507171
6.317813
6.4280076
6.2585
6.3437204
6.4511957
6.158119
6.311178
6.1801343
6.518227
6.424831
6.4261036
6.3803263
6.405951
6.5189896
6.473983
6.3786917
6.536468
6.5990505
6.6089563
6.2312555
6.6776714
6.4755206
6.562092
6.4543166
6.562215
6.368631
6.6164804
6.551649
6.536044
6.45601
6.506267
6.4417067
6.546829
6.3598585
6.575535
6.286799
6.5209045
6.3057866
6.519139
6.5285106
6.356471
6.404441
6.4281034
6.5021744
6.4454875
6.3732533
6.2881684
6.2879643
6.359146
6.379869
6.3678913
6.312516
6.438938
6.3514986
6.3556356
6.20025
6.4671655
6.4584084
6.4940805
6.5378428
6.6110287
6.51967
6.52455
6.596144
6.5966663
6.674219
6.9217467
6.8479166
6.874325
6.814504
6.887227
6.8603683
6.845895
6.887953
6.911029
6.941841
7.1262407
6.944343
7.115902
6.9473104
7.013174
6.8575544
6.9052787
6.932608
6.9549685
6.836419
6.7979107
6.9139347
6.9661117
6.8500805
6.891143
6.8022385
6.8075557
6.800097
6.7040153
6.680068
6.5885167
6.6320505
6.763151
6.764444
6.702671
6.6751833
6.778781
6.5863304
6.694193
6.662578
6.663632
6.494982
6.598957
6.6477733
6.5296483
6.5589595
6.6558137
6.573333
6.667833
6.706132
6.7005744
6.77088
6.736643
6.6336308
6.6829624
6.6513543
6.8280087
6.587133
6.7909784
6.6086407
6.656226
6.6583133
6.767268
6.602079
6.645547
6.729905
6.7892575
6.6395545
6.797229
6.8951087
6.819358
6.715535
6.63455
6.7005525
7.0111294
6.8884034
6.8154793
6.8720446
6.9658628
6.8291516
6.888572
6.94132
7.0111732
6.93638
7.1340647
7.024029
6.900437
6.8111396
6.8892746
6.9077053
6.717273
6.7968225
6.928891
6.886942
6.882312
6.901612
6.853014
6.985053
6.774983
7.0149508
6.816595
6.842285
6.896798
6.718883
6.93782
6.779311
6.6582546
6.9054
6.9250236
6.7462673
6.8247757
6.851501
6.8422947
7.055899
6.764386
6.861898
6.8176913
6.936263
6.7160497
6.9345407
6.8192344
6.955825
6.898041
6.971204
6.967696
6.9037547
7.059669
7.0230346
6.9480443
7.092211
7.030968
7.172418
7.2883883
7.006954
7.408154
7.3023
7.2692003
7.2283106
7.3246913
7.184538
7.2791905
7.178818
7.3960414
7.3781767
7.454357
7.415465
7.4338007
7.3434086
7.1625977
7.2066436
7.114871
7.3481436
7.388713
7.40462
7.2389207
7.146099
7.2054157
7.3832574
7.123313
7.1529965
7.1410522
7.103904
6.927342
6.9893436
6.987205
6.9830713
7.000325
7.0524387
6.9956837
7.156543
6.9201403
6.933608
6.925622
6.933298
7.047908
6.968267
6.9055843
6.927395
6.9002395
6.932351
6.9848247
6.9324627
6.993515
7.012245
6.915933
6.8771505
6.783901
6.9274898
7.0218806
6.960077
6.856817
6.8491592
6.873983
6.8059072
7.02321
6.976795
7.162078
6.98554
7.059433
7.172681
7.117075
7.08435
6.9840612
7.051631
7.081873
7.13322
7.246201
7.253136
7.4447145
7.2477045
7.3858833
7.388115
7.348053
7.354985
7.306958
7.295227
7.408419
7.4072204
7.324071
7.134915
7.140284
7.3487525
7.326949
7.3860807
7.301415
7.352853
7.139733
7.256796
7.180419
7.384013
7.3276124
7.3202267
7.2698493
6.9508333
6.823447
7.064786
7.074807
7.0156984
6.9751635
6.999585
6.7916284
6.702008
6.862453
6.8348713
6.796733
6.854095
6.7777205
6.704507
6.8790655
6.880417
6.8754587
6.820226
6.922156
6.8674307
7.0032415
6.7499804
6.886928
6.9590282
6.8427854
6.8998857
6.931546
7.0523887
6.875186
6.86619
6.810233
6.9693336
6.9590535
7.093878
6.851847
7.052308
6.9288306
6.8853545
7.1637845
7.054296
7.0223484
7.0357904
7.285042
7.2149487
7.3472333
7.067853
7.3212647
7.0774007
7.245032
7.396982
7.3416305
7.5042796
7.4108477
7.31799
7.41092
7.5764875
7.2993293
7.4687557
7.461244
7.430966
7.2848425
7.445409
7.5177655
7.330959
7.32174
7.371321
7.2399125
7.2431912
7.3046856
7.4003496
7.3827105
7.330405
7.229532
7.2316613
7.0825505
7.1665435
7.1446285
7.038234
6.853929
6.865311
6.983621
6.9157677
6.8923507
6.877259
6.888267
6.8974566
6.914301
6.8695054
6.8018475
6.69901
6.8974276
6.6873865
6.816017
6.835772
6.9671474
6.8479004
6.8318186
6.960929
6.7903085
6.858694
7.0071645
6.839416
6.931347
6.9600844
7.007673
6.854332
6.910553
6.9456806
7.0211244
6.9804764
6.85805
6.9868646
6.892396
7.0854635
7.085618
7.000118
7.212258
6.9292393
7.1801515
6.996148
7.2298846
7.1912336
7.1744094
7.049993
7.0670485
7.0812373
7.101829
7.4058127
7.340141
7.338912
7.335064
7.352517
7.3698997
7.4313774
7.1682177
7.2163014
7.2842245
7.24271
7.2976794
7.2234964
7.252856
7.13318
7.3755927
7.0449815
7.17688
7.1144896
7.132416
7.196104
7.2424436
7.125432
7.0252852
7.0578904
7.2093363
6.9709344
7.0189342
7.0476565
6.957132
7.0678844
7.034265
6.8979077
6.8900394
6.854304
6.8382363
6.7347045
6.906773
6.7864265
6.9848957
6.733703
6.9173627
6.860485
6.877797
6.8685865
7.1750827
7.200718
7.160557
7.0595894
6.84788
6.5628242
6.4609504
6.608479
6.6050334
6.1913967
6.006925
5.680371
5.330737
5.438706
4.799167
4.709691
4.294425
4.0992723
4.0790343
4.0308847
4.13839
4.1519885
4.040074
4.056637
4.182808
4.280963
5.86022
5.929762
5.8027096
5.359707
5.5182133
5.593771
5.6962104
5.829134
6.3332376
6.5474634
6.794429
6.79718
6.6117635
6.8665676
6.824058
6.789976
6.927478
6.832986
6.9384475
7.0638103
7.038483
6.925317
6.9430776
7.0251737
7.108451
7.2389193
7.087924
6.9869547
7.18171
7.067587
7.1622186
7.1532226
7.143777
7.055574
7.1430187
7.1743464
7.129596
6.9278045
6.9901567
6.99514
7.1315217
6.8878517
7.0990624
7.378138
7.2789173
7.3157854
7.3181148
7.2144732
7.4529104
7.3145566
7.03492
7.522885
7.4042625
7.5518055
7.498906
7.590029
7.6095176
7.573834
7.503843
7.615346
7.5449786
7.4399986
7.5571194
7.506121
7.5911813
7.530478
7.5113254
7.499905
7.5694313
7.6324515
7.525422
7.4083905
7.3565354
7.436477
7.369899
7.510076
7.2915063
7.260398
7.4757695
7.195436
7.225789
7.245061
7.422983
7.362453
7.1591268
7.2758904
7.301624
7.2909765
7.4067607
7.3742633
7.325363
7.2641854
7.2344165
7.2441807
7.482374
7.391014
7.5461936
7.4590774
7.5792255
7.4065104
7.612024
7.5556555
7.569782
7.4008636
7.477633
7.5531588
7.468969
7.384876
7.3642917
7.629523
7.5786595
7.740451
7.5256634
7.821945
7.8170347
7.647084
7.6548643
7.8770494
7.8952384
7.722031
7.769207
7.6696653
7.7183475
7.6472735
7.6020045
7.413643
7.3991714
7.5954795
7.622489
7.5908575
7.4168878
7.4452624
7.4240627
7.596402
7.4686
7.324113
7.3551836
7.3178487
7.278397
7.27461
7.497588
7.3196583
7.1564445
7.292438
7.43484
7.5014973
7.433812
7.3019266
7.387862
7.359334
7.306868
7.333372
7.339216
7.287741
7.3216043
7.3353915
7.5111885
7.3124785
7.4645853
7.634354
7.425895
7.4912043
7.565019
7.665412
7.5303526
7.5323825
7.592536
7.753755
7.7656527
7.953721
7.715453
7.8067737
7.8160863
7.8583317
7.813452
7.759763
7.945554
7.7127643
7.5956087
7.4989824
7.5049872
7.4326105
7.767103
7.6548243
7.604514
7.6366267
7.5853205
7.6244493
7.487783
7.517183
7.562223
7.2986026
7.3905287
7.4848638
7.3682604
7.3767653
7.4641128
7.4396486
7.443698
7.445825
7.511525
7.646637
7.308926
7.446231
7.4664817
7.56478
7.6192236
7.5954065
7.4663415
7.666407
7.7741327
7.833919
7.799424
7.9205346
7.749609
7.6739216
7.749001
7.74403
7.855706
7.7544575
7.992438
7.8020167
7.8464184
7.7926397
7.654518
7.825301
7.6598225
7.583641
7.720042
7.6087127
7.7768617
7.6560516
7.535745
7.6269045
7.589691
7.618555
7.536936
7.415027
7.4507656
7.5822453
7.4194446
7.50045
7.444499
7.2828665
7.552763
7.478251
7.464406
7.424456
7.246938
7.297753
7.5571933
7.544092
7.316378
7.5661345
7.7014127
7.60715
7.8377147
7.667908
7.7372284
7.750524
7.8682065
7.7873535
7.9181747
7.7822623
7.965219
7.814721
7.907106
7.7097793
7.6233873
7.8119254
7.686677
7.697981
7.5802755
7.558755
7.6232347
7.6270504
7.4197507
7.5066953
7.6079426
7.2759953
7.4403996
7.461765
7.4188194
7.4102116
7.3955536
7.5694494
7.355897
7.3825865
7.5036426
7.425288
7.5415177
7.3946843
7.3503504
7.354888
7.5782385
7.505183
7.5163803
7.751428
7.683345
7.5089545
7.5192957
7.797242
7.944066
7.7375135
7.8412437
7.941773
7.914441
7.9505277
7.834977
7.867627
7.88183
7.9185996
7.7884073
7.5844994
7.657179
7.632935
7.6946945
7.6985745
7.651651
7.4587803
7.5079665
7.4466214
7.4103794
7.3195057
7.256736
7.3067465
7.3632903
7.2497206
7.3579736
7.3559504
7.4732842
7.182784
7.4277997
7.4899993
7.434638
7.465499
7.4093843
7.34709
7.5633054
7.707489
7.527111
7.625272
7.754469
7.6073084
7.7222557
7.628269
7.829273
7.584472
7.577447
7.5881834
7.648947
7.6506386
7.5418453
7.6995955
7.551511
7.4754
7.31437
7.233035
7.1000953
7.0607963
6.891784
7.0702233
7.115682
7.0944786
7.024992
6.799859
7.008637
7.104458
6.995737
7.074672
7.1020823
7.3995743
7.443731
7.3974576
7.363889
7.4668803
7.623892
7.4232435
7.537638
7.4836817
7.249774
7.59993
7.462554
7.730789
7.5447884
7.7135186
7.765915
7.4618073
7.796235
7.658625
7.8792977
7.582282
7.6237383
7.3210773
7.184899
7.3163185
7.221019
7.111185
7.4657817
7.0002522
6.917136
7.2936797
7.040716
6.6635795
6.985363
6.925798
6.814689
7.068926
7.139069
6.971884
7.2696514
7.0020013
7.218121
7.2270427
7.1727114
7.1332674
7.3005157
7.1334143
7.2119226
7.4348145
7.3040757
7.420328
7.4800053
7.4696646
7.5140595
7.544999
7.4621005
7.354679
7.3141136
7.133251
7.326231
7.1928926
7.097667
7.0217543
6.9964685
7.0921907
7.2469487
6.962308
7.061431
6.9842377
6.724487
7.2092676
7.0272527
7.0389247
6.8512344
6.8079453
7.006211
6.873122
6.7770233
7.1534176
7.0874324
7.1462345
7.050995
6.6746016
6.9321423
6.947608
7.0520396
7.220206
7.553751
7.703838
7.2925835
7.4534473
7.61684
7.5723066
7.260905
7.2093906
7.143531
7.3956876
7.178898
7.1936736
7.1522055
7.251485
7.1485896
7.2696643
7.050794
7.1041718
6.987263
7.167736
6.8727946
6.7122507
6.822606
6.8740582
6.877572
6.816674
6.752004
6.834302
6.8551407
6.715311
6.6936026
6.72134
6.7877536
6.936635
6.9464407
6.9028096
7.052437
7.1889076
7.121573
6.9365587
7.077325
7.023228
7.12665
7.0426846
7.0348854
7.098014
6.680404
6.80869
6.8840637
6.941173
6.70418
6.6284328
6.965894
6.678234
6.552781
6.556425
6.68885
6.626704
6.3342476
6.456155
6.262914
6.543046
6.5311637
6.387019
6.591217
6.8150697
6.6192756
6.6704016
6.8283825
6.758399
6.8740873
7.095084
6.8594184
6.9741945
6.9985433
7.1067085
6.6944942
6.8257146
6.875862
6.605413
6.622469
6.5739293
6.7027574
6.642053
6.4491253
6.756523
6.813352
6.3611417
6.5051613
6.640131
6.1968317
6.3124685
6.2301426
6.428332
6.335397
6.050186
6.2377696
6.127699
6.2714586
6.181296
6.0925364
6.2793612
6.182606
6.068454
6.196735
6.101328
6.0896454
6.145191
6.428758
6.376226
6.380622
6.476127
6.2910705
6.5549507
6.332528
6.367492
6.4964046
6.4844575
6.210636
6.3791327
6.2487807
6.163327
6.279798
6.3308744
6.3627357
6.2853394
6.3418555
6.263923
6.105522
6.2589617
6.172559
6.176231
6.220865
6.036366
6.1388936
6.0067573
5.9201384
5.9144936
5.9414253
5.884059
5.750916
5.9318213
5.879408
5.753078
5.927111
5.8639526
5.8741326
5.99291
5.8533916
5.837996
6.035154
5.881819
5.8437
6.156354
6.2707386
6.09601
6.049245
6.392146
6.0381365
6.272865
6.1011558
6.1627955
6.0636744
5.96272
6.240426
6.190247
6.237384
6.347553
6.444204
6.122025
6.163568
6.2916822
6.241102
6.492997
6.315394
6.4749513
6.3801947
6.444309
6.4558363
6.4706607
6.3674917
6.583411
6.3630886
6.295428
6.388015
6.341256
6.529834
6.445634
6.4139056
6.487773
6.3491793
6.5085936
6.3482704
6.652205
6.482596
6.3717732
6.4658794
6.445292
6.5949183
6.429948
6.416094
6.266863
6.215453
6.15827
6.0947933
6.408156
6.42173
6.6191874
6.3858304
6.4578505
6.5812206
6.57082
6.465475
6.430821
6.5866656
6.278989
6.377047
6.284055
6.5425
6.51669
6.6350946
6.2500105
6.4814234
6.579342
6.499272
6.7450414
6.6904135
6.5622334
6.4789195
6.4319787
6.5145082
6.5715823
6.4397426
6.8649273
6.882546
6.620446
6.9017015
6.7493463
7.0254865
6.7197886
6.6176643
6.694308
6.7884107
6.5364876
6.442107
6.4953814
6.391062
6.430804
6.3002677
6.4571486
6.4104996
6.2877812
6.5253086
6.4861984
6.7621045
6.5863543
6.621165
6.5015254
6.578601
6.420365
6.589975
6.5685377
6.5958166
6.8068523
6.9459505
6.696798
7.005112
6.68143
6.7721524
6.7560954
6.879441
6.8234496
6.9238067
6.609411
6.7332673
6.7608666
6.853535
6.7532744
7.0999355
6.77918
6.9207363
6.772971
6.80732
6.587602
6.852417
6.59635
6.7234526
6.4270864
6.646578
6.886076
6.867104
7.0162745
6.910428
6.948099
6.746149
6.754247
6.749041
6.655986
6.8447924
6.909918
6.8512955
6.9397435
6.5938015
7.0108852
6.77668
6.6384745
6.4997854
6.588817
6.6297164
6.740464
6.787556
6.641866
6.4957232
6.5354395
6.5767546
6.4741077
6.1805916
6.133916
6.243937
5.825304
5.8587294
5.8335896
6.0111265
6.125768
6.1112943
5.9735255
6.1973066
6.205331
5.995263
6.060303
5.7545342
5.97396
6.244025
5.9172163
5.9164085
5.910445
5.9518065
5.9470005
5.7972813
5.9459066
6.056689
6.124518
6.1491647
6.158144
6.047819
6.3010383
6.0533853
6.256135
6.114931
6.220648
6.1279683
6.0815287
6.1399775
6.005162
6.0725417
6.2038584
6.127275
6.034148
5.954233
6.0210667
5.889972
5.9353647
6.0646925
6.00912
5.8888702
6.0274396
5.8713
5.909447
5.8894057
5.8690577
5.8876033
5.927054
5.771012
5.8329926
5.8199983
5.6895103
5.820198
5.9114017
5.7886505
5.778251
5.90805
5.6780133
5.89838
5.8486204
5.646373
5.943426
5.9048038
5.972351
5.9877667
5.9471426
5.835949
5.5869627
5.803737
5.8907695
5.8734665
5.8319964
5.8428483
5.8356943
5.9827986
6.075421
5.9159
5.993915
6.07183
6.132198
6.0833564
5.7497473
5.8156075
5.9272437
5.9925747
5.9222407
6.057759
6.0323
6.0872307
6.1168184
6.0818324
5.921711
6.0175166
5.751223
5.9780216
5.837552
6.122765
5.9178305
5.9866467
5.992806
6.0119276
5.9747105
5.696857
6.12501
6.005131
5.880808
5.792659
6.111703
6.155295
5.932375
6.033208
6.1417236
6.1593876
5.9841485
5.8998365
5.9653935
5.926984
5.8552957
5.7268524
5.9274454
6.045918
5.9210887
5.8936806
5.813635
5.928582
5.740965
6.089739
5.784585
5.6546803
5.8211193
5.6823483
5.7911434
5.7275805
5.89466
5.7913523
5.7080936
5.858886
5.7636604
5.820721
5.94927
6.0045156
5.769656
5.691544
5.928447
5.869811
5.926809
6.011343
5.528884
5.866434
5.833513
5.609247
5.551276
5.7524996
5.7129555
5.5360155
5.776105
5.7054167
5.554448
5.2687683
5.5885563
5.3441105
5.591281
5.556529
5.429664
5.580165
5.1803193
5.7908287
5.219183
5.4856043
5.39369
5.473728
5.4044323
5.5796733
5.530386
5.535166
5.1361823
5.544944
5.399425
5.5336
5.573849
5.4384985
5.5663867
5.400894
5.546178
5.4406905
5.6055703
5.6114974
5.3503304
5.585146
5.453066
5.6247277
5.3499084
5.7274766
5.4798713
5.2663217
5.5506935
5.4742465
5.1332946
5.4942575
5.4452925
5.5927644
5.4148865
5.1220627
5.312715
5.3993273
5.3155174
5.2139673
5.161169
5.181783
5.3035145
5.2728114
5.0814285
5.694592
5.528686
5.2751565
5.292388
5.3944306
5.555832
5.5972643
5.315092
5.406336
5.448985
5.454875
5.3617544
5.4818854
5.676823
5.389515
5.5179486
5.404804
5.606863
5.4814653
5.6445446
5.5399218
5.493292
5.4884424
5.4859166
5.6311197
5.370016
5.2717633
5.486379
5.525113
5.293199
5.4462957
5.211098
5.4373007
5.457683
5.4646473
5.3433537
5.35666
5.2816763
5.1731696
5.2814016
5.309368
5.344266
5.3562107
5.3259797
5.397029
5.264346
5.403625
5.247083
5.215595
5.3332663
5.266462
5.262274
5.2852387
5.2003903
5.3494534
5.186927
5.2186575
5.143249
5.182308
5.081222
5.106952
5.0053535
5.2656693
5.2219424
5.2364025
5.181716
5.3531084
5.232829
