5.01675716
0.00067633
0.00063946
0.00078918
0.00095510
0.00108886
0.00070936
0.00074273
0.00048242
0.00091199
0.00076411
0.00061422
0.00074080
0.00064285
0.00058198
0.00096643
0.00063486
0.00088996
0.00024913
0.00000000
0.00000000
0.00000000
0.00000000
1.68550773
0.00070972
0.00081760
0.00059782
0.00098438
0.00076654
0.00072400
0.00069590
0.00055827
0.00041912
0.00037843
0.00036419
0.00024836
0.00021933
0.00021044
0.00024519
0.00026030
0.00000000
0.00000000
0.00000000
0.00000000
0.86983627
0.00073758
0.00097274
0.00070860
0.00073211
0.00057752
0.00051988
0.00055532
0.00061762
0.00058339
0.00050871
0.00050275
0.00040521
0.00027028
0.00029845
0.00026086
0.00000000
0.00000000
0.00000000
0.00000000
0.93153123
0.00131390
0.00180589
0.00062521
0.00070298
0.00047440
0.00074237
0.00050016
0.00049756
0.00000000
0.00000000
0.00000000
0.00000000
1.69086742
0.00068924
0.00101365
0.00074612
0.00072161
0.00078822
0.00054832
0.00065799
0.00073469
0.00050528
0.00045176
0.00082262
0.00038136
0.00040108
0.00051493
0.00033566
0.00027000
0.00026510
0.00027714
0.00024449
0.00026244
0.00039153
0.00061089
0.00046215
0.00037965
0.00031880
0.00028447
0.00023949
0.00024343
0.00043426
0.00055053
0.00062171
0.00040387
0.00033515
0.00030379
0.00026782
0.00030574
0.00032714
0.00045810
0.00111039
0.00074460
0.00046960
0.00000000
0.00000000
0.00000000
0.00000000
1.03240365
0.00100042
0.00108075
0.00112841
0.00113649
0.00088522
0.00083716
0.00066463
0.00000000
0.00000000
0.00000000
0.00000000
0.84899022
0.00072306
0.00089324
0.00069777
0.00065771
0.00055547
0.00090776
0.00062771
0.00062411
0.00047801
0.00000000
0.00000000
0.00000000
0.00000000
0.75147362
0.00062824
0.00071499
0.00091540
0.00050886
0.00037090
0.00048658
0.00043697
0.00037834
0.00043532
0.00043956
0.00042996
0.00043216
0.00030639
0.00031109
0.00030060
0.00023283
0.00000000
0.00000000
0.00000000
0.00000000
0.74376681
0.00084599
0.00120613
0.00039637
0.00057509
0.00043130
0.00037714
0.00029674
0.00067452
0.00000000
0.00000000
0.00000000
0.00000000
0.86474470
0.00068343
0.00088340
0.00063623
0.00055940
0.00065567
0.00041001
0.00046810
0.00000000
0.00000000
0.00000000
0.00000000
1.13231207
0.00082873
0.00066276
0.00077292
0.00065265
0.00051811
0.00093140
0.00074678
0.00048194
0.00041521
0.00060483
0.00045116
0.00035888
0.00048361
0.00050477
0.00034414
0.00027991
0.00033376
0.00025611
0.00025168
0.00031094
0.00028864
0.00028133
0.00000000
0.00000000
0.00000000
0.00000000
0.89185682
0.00050047
0.00069008
0.00074068
0.00068739
0.00042204
0.00042145
0.00043261
0.00060461
0.00034092
0.00000000
0.00000000
0.00000000
0.00000000
1.15527809
0.00074138
0.00071782
0.00051994
0.00068540
0.00041473
0.00087552
0.00083886
0.00059484
0.00034508
0.00047270
0.00043827
0.00034744
0.00033512
0.00040722
0.00029319
0.00037766
0.00037991
0.00024539
0.00021444
0.00020516
0.00019018
0.00024555
0.00019985
0.00024043
0.00027656
0.00038513
0.00032559
0.00034643
0.00032001
0.00031386
0.00019459
0.00018725
0.00018466
0.00040724
