1
155.00,95.00,19.00,49.00
158.00,96.00,19.00,49.00
159.00,98.00,19.00,49.00
159.00,100.00,19.00,49.00
159.00,101.00,19.00,49.00
159.00,101.00,19.00,49.00
160.00,101.00,19.00,49.00
160.00,102.00,19.00,49.00
161.00,103.00,19.00,49.00
162.00,104.00,19.00,49.00
162.00,105.00,19.00,49.00
162.00,105.00,19.00,49.00
162.00,105.00,19.00,49.00
162.00,104.00,19.00,49.00
161.00,103.00,19.00,49.00
160.00,102.00,19.00,49.00
159.00,101.00,19.00,49.00
2
0
0
0
0
1
130.00,76.00,23.00,55.00
131.00,76.00,23.00,55.00
130.00,75.00,23.00,55.00
128.00,75.00,23.00,55.00
128.00,75.00,23.00,55.00
129.00,76.00,23.00,55.00
130.00,77.00,23.00,55.00
130.00,77.00,23.00,55.00
131.00,77.00,23.00,55.00
132.00,77.00,23.00,55.00
132.00,77.00,23.00,55.00
134.00,78.00,23.00,55.00
134.00,79.00,23.00,55.00
134.00,79.00,23.00,55.00
130.00,78.00,23.00,55.00
2
0
0
0
0
1
156.00,76.00,23.00,55.00
156.00,76.00,23.00,55.00
156.00,76.00,23.00,55.00
155.00,77.00,23.00,55.00
154.00,78.00,23.00,55.00
153.00,79.00,23.00,55.00
153.00,79.00,23.00,55.00
153.00,78.00,23.00,55.00
154.00,77.00,23.00,55.00
156.00,77.00,23.00,55.00
157.00,77.00,23.00,55.00
158.00,78.00,23.00,55.00
161.00,81.00,23.00,55.00
162.00,83.00,23.00,55.00
2
0
0
0
0
1
125.00,66.00,29.00,75.00
125.00,67.00,29.00,75.00
124.00,71.00,29.00,75.00
126.00,78.00,29.00,75.00
129.00,85.00,29.00,75.00
131.00,88.00,29.00,75.00
132.00,90.00,29.00,75.00
2
0
0
0
0
1
173.00,66.00,33.00,81.00
174.00,65.00,33.00,81.00
176.00,63.00,33.00,81.00
178.00,62.00,33.00,81.00
179.00,62.00,33.00,81.00
180.00,62.00,33.00,81.00
182.00,62.00,33.00,81.00
183.00,63.00,33.00,81.00
180.00,67.00,33.00,81.00
178.00,69.00,33.00,81.00
177.00,70.00,33.00,81.00
177.00,72.00,33.00,81.00
178.00,72.00,33.00,81.00
179.00,71.00,33.00,81.00
178.00,70.00,33.00,81.00
177.00,69.00,33.00,81.00
177.00,68.00,33.00,81.00
176.00,67.00,33.00,81.00
175.00,66.00,33.00,81.00
175.00,64.00,33.00,81.00
176.00,62.00,33.00,81.00
180.00,61.00,33.00,81.00
184.00,61.00,33.00,81.00
185.00,61.00,33.00,81.00
188.00,61.00,33.00,81.00
189.00,59.00,33.00,81.00
189.00,58.00,33.00,81.00
190.00,58.00,33.00,81.00
189.00,58.00,33.00,81.00
190.00,58.00,33.00,81.00
189.00,58.00,33.00,81.00
188.00,58.00,33.00,81.00
186.00,61.00,33.00,81.00
184.00,63.00,33.00,81.00
182.00,62.00,33.00,81.00
182.00,59.00,33.00,81.00
183.00,57.00,33.00,81.00
182.00,56.00,33.00,81.00
182.00,58.00,33.00,81.00
182.00,59.00,33.00,81.00
2
0
0
0
0
1
145.00,70.00,29.00,75.00
141.00,72.00,29.00,75.00
142.00,74.00,29.00,75.00
143.00,74.00,29.00,75.00
142.00,79.00,29.00,75.00
141.00,82.00,29.00,75.00
2
0
0
0
0
1
191.00,64.00,27.00,67.00
191.00,66.00,27.00,67.00
191.00,66.00,27.00,67.00
191.00,67.00,27.00,67.00
190.00,66.00,27.00,67.00
193.00,66.00,27.00,67.00
196.00,69.00,27.00,67.00
197.00,69.00,27.00,67.00
2
0
0
0
0
1
149.00,84.00,25.00,63.00
150.00,83.00,25.00,63.00
150.00,81.00,25.00,63.00
151.00,78.00,25.00,63.00
152.00,78.00,25.00,63.00
153.00,77.00,25.00,63.00
151.00,75.00,25.00,63.00
149.00,75.00,25.00,63.00
150.00,75.00,25.00,63.00
150.00,74.00,25.00,63.00
153.00,73.00,25.00,63.00
155.00,77.00,25.00,63.00
157.00,78.00,25.00,63.00
156.00,80.00,25.00,63.00
155.00,80.00,25.00,63.00
2
0
0
0
0
1
129.00,74.00,21.00,55.00
135.00,73.00,21.00,55.00
139.00,70.00,21.00,55.00
143.00,69.00,21.00,55.00
145.00,70.00,21.00,55.00
146.00,71.00,21.00,55.00
147.00,72.00,21.00,55.00
2
0
0
0
0
1
111.00,84.00,21.00,55.00
111.00,86.00,21.00,55.00
111.00,88.00,21.00,55.00
110.00,91.00,21.00,55.00
111.00,93.00,21.00,55.00
112.00,93.00,21.00,55.00
2
0
0
0
0
1
140.00,88.00,19.00,53.00
140.00,88.00,19.00,53.00
140.00,88.00,19.00,53.00
140.00,88.00,19.00,53.00
140.00,88.00,19.00,53.00
141.00,88.00,19.00,53.00
142.00,87.00,19.00,53.00
142.00,86.00,19.00,53.00
145.00,88.00,19.00,53.00
146.00,90.00,19.00,53.00
148.00,90.00,19.00,53.00
150.00,89.00,19.00,53.00
151.00,89.00,19.00,53.00
151.00,90.00,19.00,53.00
150.00,91.00,19.00,53.00
148.00,93.00,19.00,53.00
149.00,94.00,19.00,53.00
148.00,95.00,19.00,53.00
148.00,95.00,19.00,53.00
148.00,95.00,19.00,53.00
149.00,95.00,19.00,53.00
2
0
0
0
0
1
135.00,92.00,17.00,37.00
137.00,94.00,17.00,37.00
139.00,96.00,17.00,37.00
139.00,96.00,17.00,37.00
138.00,96.00,17.00,37.00
139.00,97.00,17.00,37.00
141.00,99.00,17.00,37.00
142.00,98.00,17.00,37.00
2
0
0
0
0
1
163.00,88.00,17.00,37.00
162.00,89.00,17.00,37.00
162.00,91.00,17.00,37.00
162.00,92.00,17.00,37.00
162.00,93.00,17.00,37.00
163.00,93.00,17.00,37.00
164.00,93.00,17.00,37.00
166.00,93.00,17.00,37.00
167.00,93.00,17.00,37.00
169.00,93.00,17.00,37.00
170.00,93.00,17.00,37.00
172.00,93.00,17.00,37.00
173.00,93.00,17.00,37.00
174.00,93.00,17.00,37.00
174.00,93.00,17.00,37.00
174.00,93.00,17.00,37.00
174.00,93.00,17.00,37.00
174.00,93.00,17.00,37.00
173.00,93.00,17.00,37.00
173.00,93.00,17.00,37.00
173.00,93.00,17.00,37.00
172.00,94.00,17.00,37.00
171.00,95.00,17.00,37.00
170.00,94.00,17.00,37.00
171.00,95.00,17.00,37.00
171.00,96.00,17.00,37.00
171.00,90.00,17.00,37.00
171.00,91.00,17.00,37.00
170.00,91.00,17.00,37.00
170.00,92.00,17.00,37.00
169.00,92.00,17.00,37.00
168.00,94.00,17.00,37.00
168.00,96.00,17.00,37.00
168.00,97.00,17.00,37.00
