0.36994568
0.00068389
0.00055133
0.00097028
0.00097251
0.00106893
0.00150731
0.00107246
0.00094160
0.00070262
0.00063270
0.00069351
0.00073712
0.00074745
0.00064314
0.00052928
0.00052858
0.00057227
0.00053027
0.00039732
0.00083305
0.00057077
0.00099154
0.00043217
0.00037880
0.00036387
0.00000000
0.00000000
0.00000000
0.00000000
0.44815501
0.00092822
0.00163349
0.00152185
0.00115692
0.00133816
0.00136524
0.00100053
0.00102855
0.00119493
0.00139706
0.00196438
0.00087189
0.00067811
0.00054991
0.00052594
0.00054382
0.00048564
0.00050913
0.00048588
0.00061370
0.00112452
0.00122618
0.00101020
0.00080226
0.00161842
0.00065501
0.00000000
0.00000000
0.00000000
0.00000000
1.02681692
0.00127492
0.00224851
0.00152192
0.00122037
0.00130226
0.00132142
0.00153080
0.00000000
0.00000000
0.00000000
0.00000000
0.93683456
0.00105079
0.00078589
0.00102150
0.00133745
0.00079746
0.00071566
0.00140367
0.00053371
0.00104458
0.00048868
0.00048995
0.00078286
0.00046472
0.00060114
0.00043177
0.00056529
0.00051626
0.00039711
0.00040702
0.00046579
0.00032378
0.00036202
0.00030431
0.00038487
0.00031578
0.00032844
0.00053703
0.00047956
0.00000000
0.00000000
0.00000000
0.00000000
0.74146424
0.00084702
0.00127217
0.00101686
0.00103076
0.00090844
0.00098223
0.00108333
0.00058849
0.00048058
0.00062999
0.00052729
0.00047065
0.00039146
0.00038012
0.00039000
0.00036991
0.00046506
0.00037162
0.00041189
0.00046928
0.00063619
0.00065545
0.00060841
0.00057827
0.00064204
0.00044922
0.00044368
0.00059585
0.00100997
0.00081317
0.00069169
0.00052713
0.00042381
0.00039311
0.00041623
0.00059595
0.00072184
0.00070893
0.00058130
0.00044707
0.00038559
0.00044382
0.00036546
0.00044382
0.00071458
0.00059258
0.00084359
0.00070684
0.00052516
0.00000000
0.00000000
0.00000000
0.00000000
0.72434822
0.00156564
0.00200903
0.00118919
0.00107816
0.00145102
0.00086711
0.00098432
0.00090237
0.00100316
0.00080278
0.00094569
0.00109185
0.00074325
0.00085393
0.00057529
0.00061301
0.00060173
0.00053051
0.00054038
0.00073305
0.00073569
0.00197903
0.00114350
0.00071109
0.00068252
0.00062021
0.00116499
0.00117367
0.00078135
0.00000000
0.00000000
0.00000000
0.00000000
0.54027455
0.00442314
0.00248794
0.00170364
0.00305568
0.00149555
0.00182275
0.00176996
0.00178825
0.00158621
0.00118988
0.00103135
0.00105904
0.00167699
0.00114647
0.00120400
0.00102478
0.00100342
0.00111666
0.00126103
0.00122693
0.00121168
0.00107711
0.00106555
0.00107937
0.00107917
0.00000000
0.00000000
0.00000000
0.00000000
0.41701618
0.00125746
0.00138523
0.00106223
0.00143213
0.00103975
0.00103260
0.00099617
0.00111195
0.00085636
0.00058050
0.00048942
0.00045554
0.00055599
0.00064483
0.00063855
0.00065955
0.00048623
0.00056370
0.00000000
