1
225.00,92.00,45.00,47.00
226.00,92.00,45.00,47.00
226.00,92.00,45.00,47.00
226.00,92.00,45.00,47.00
225.00,92.00,45.00,47.00
224.00,92.00,45.00,47.00
223.00,92.00,45.00,47.00
222.00,92.00,45.00,47.00
221.00,92.00,45.00,47.00
220.00,92.00,45.00,47.00
220.00,92.00,45.00,47.00
220.00,92.00,45.00,47.00
219.00,91.00,45.00,47.00
218.00,90.00,45.00,47.00
216.00,89.00,45.00,47.00
215.00,89.00,45.00,47.00
213.00,89.00,45.00,47.00
211.00,89.00,45.00,47.00
208.00,90.00,45.00,47.00
207.00,90.00,45.00,47.00
207.00,90.00,45.00,47.00
207.00,90.00,45.00,47.00
207.00,90.00,45.00,47.00
207.00,90.00,45.00,47.00
2
0
0
0
0
1
72.00,92.00,69.00,77.00
60.00,93.00,69.00,77.00
48.00,93.00,69.00,77.00
48.00,94.00,69.00,77.00
80.00,91.00,69.00,77.00
82.00,91.00,69.00,77.00
82.00,91.00,69.00,77.00
82.00,91.00,69.00,77.00
82.00,91.00,69.00,77.00
83.00,91.00,69.00,77.00
83.00,91.00,69.00,77.00
83.00,91.00,69.00,77.00
83.00,91.00,69.00,77.00
83.00,91.00,69.00,77.00
83.00,91.00,69.00,77.00
84.00,91.00,69.00,77.00
84.00,90.00,69.00,77.00
85.00,91.00,69.00,77.00
84.00,90.00,69.00,77.00
83.00,91.00,69.00,77.00
83.00,91.00,69.00,77.00
84.00,91.00,69.00,77.00
84.00,91.00,69.00,77.00
83.00,91.00,69.00,77.00
84.00,91.00,69.00,77.00
2
0
0
0
0
1
185.00,57.00,51.00,67.00
180.00,61.00,51.00,67.00
175.00,70.00,51.00,67.00
178.00,65.00,51.00,67.00
180.00,62.00,51.00,67.00
181.00,60.00,51.00,67.00
2
0
0
0
0
1
229.00,60.00,51.00,65.00
231.00,60.00,51.00,65.00
233.00,61.00,51.00,65.00
233.00,63.00,51.00,65.00
233.00,66.00,51.00,65.00
234.00,69.00,51.00,65.00
234.00,73.00,51.00,65.00
234.00,77.00,51.00,65.00
235.00,80.00,51.00,65.00
236.00,83.00,51.00,65.00
238.00,84.00,51.00,65.00
239.00,87.00,51.00,65.00
239.00,93.00,51.00,65.00
263.00,95.00,51.00,65.00
261.00,96.00,51.00,65.00
262.00,99.00,51.00,65.00
261.00,101.00,51.00,65.00
260.00,101.00,51.00,65.00
259.00,101.00,51.00,65.00
257.00,102.00,51.00,65.00
254.00,99.00,51.00,65.00
253.00,100.00,51.00,65.00
251.00,101.00,51.00,65.00
251.00,103.00,51.00,65.00
251.00,103.00,51.00,65.00
252.00,104.00,51.00,65.00
252.00,105.00,51.00,65.00
2
0
0
0
0
1
168.00,97.00,41.00,75.00
165.00,98.00,41.00,75.00
163.00,99.00,41.00,75.00
162.00,100.00,41.00,75.00
161.00,101.00,41.00,75.00
161.00,100.00,41.00,75.00
160.00,102.00,41.00,75.00
160.00,100.00,41.00,75.00
160.00,100.00,41.00,75.00
161.00,100.00,41.00,75.00
162.00,99.00,41.00,75.00
162.00,97.00,41.00,75.00
162.00,95.00,41.00,75.00
162.00,94.00,41.00,75.00
162.00,93.00,41.00,75.00
163.00,93.00,41.00,75.00
163.00,93.00,41.00,75.00
164.00,92.00,41.00,75.00
164.00,92.00,41.00,75.00
165.00,91.00,41.00,75.00
165.00,90.00,41.00,75.00
167.00,90.00,41.00,75.00
170.00,89.00,41.00,75.00
173.00,89.00,41.00,75.00
176.00,89.00,41.00,75.00
178.00,89.00,41.00,75.00
179.00,90.00,41.00,75.00
180.00,90.00,41.00,75.00
180.00,90.00,41.00,75.00
181.00,90.00,41.00,75.00
182.00,90.00,41.00,75.00
182.00,91.00,41.00,75.00
183.00,91.00,41.00,75.00
184.00,91.00,41.00,75.00
185.00,92.00,41.00,75.00
185.00,92.00,41.00,75.00
186.00,93.00,41.00,75.00
187.00,94.00,41.00,75.00
187.00,95.00,41.00,75.00
188.00,99.00,41.00,75.00
188.00,104.00,41.00,75.00
190.00,110.00,41.00,75.00
192.00,116.00,41.00,75.00
190.00,121.00,41.00,75.00
182.00,90.00,41.00,75.00
179.00,91.00,41.00,75.00
180.00,93.00,41.00,75.00
180.00,95.00,41.00,75.00
2
0
0
0
0
1
84.00,148.00,59.00,57.00
79.00,152.00,59.00,57.00
73.00,155.00,59.00,57.00
69.00,155.00,59.00,57.00
64.00,155.00,59.00,57.00
60.00,156.00,59.00,57.00
58.00,155.00,59.00,57.00
56.00,155.00,59.00,57.00
54.00,154.00,59.00,57.00
50.00,154.00,59.00,57.00
46.00,153.00,59.00,57.00
43.00,153.00,59.00,57.00
40.00,152.00,59.00,57.00
38.00,150.00,59.00,57.00
37.00,143.00,59.00,57.00
48.00,139.00,59.00,57.00
38.00,161.00,59.00,57.00
40.00,155.00,59.00,57.00
41.00,152.00,59.00,57.00
40.00,151.00,59.00,57.00
41.00,151.00,59.00,57.00
41.00,150.00,59.00,57.00
41.00,149.00,59.00,57.00
41.00,148.00,59.00,57.00
41.00,148.00,59.00,57.00
41.00,148.00,59.00,57.00
40.00,149.00,59.00,57.00
41.00,149.00,59.00,57.00
2
0
0
0
0
1
73.00,63.00,77.00,83.00
73.00,66.00,77.00,83.00
73.00,68.00,77.00,83.00
74.00,69.00,77.00,83.00
75.00,70.00,77.00,83.00
76.00,71.00,77.00,83.00
77.00,71.00,77.00,83.00
78.00,73.00,77.00,83.00
79.00,75.00,77.00,83.00
82.00,80.00,77.00,83.00
84.00,83.00,77.00,83.00
87.00,83.00,77.00,83.00
91.00,84.00,77.00,83.00
95.00,85.00,77.00,83.00
97.00,85.00,77.00,83.00
99.00,84.00,77.00,83.00
99.00,82.00,77.00,83.00
99.00,83.00,77.00,83.00
101.00,82.00,77.00,83.00
103.00,82.00,77.00,83.00
103.00,82.00,77.00,83.00
104.00,82.00,77.00,83.00
104.00,82.00,77.00,83.00
105.00,82.00,77.00,83.00
2
0
0
0
0
1
217.00,98.00,45.00,59.00
218.00,98.00,45.00,59.00
217.00,93.00,45.00,59.00
214.00,90.00,45.00,59.00
213.00,91.00,45.00,59.00
205.00,87.00,45.00,59.00
201.00,86.00,45.00,59.00
194.00,86.00,45.00,59.00
191.00,86.00,45.00,59.00
190.00,86.00,45.00,59.00
190.00,86.00,45.00,59.00
190.00,86.00,45.00,59.00
190.00,86.00,45.00,59.00
190.00,86.00,45.00,59.00
190.00,86.00,45.00,59.00
190.00,86.00,45.00,59.00
190.00,86.00,45.00,59.00
2
0
