10000
9.851133
9.834765
9.7825985
9.812403
9.761911
9.796153
9.76994
9.749738
9.72802
9.620721
9.579967
9.557966
9.54239
9.457874
9.483251
9.416344
9.435958
9.337909
9.245485
9.21265
9.223406
9.252905
9.129716
9.022004
9.120183
9.08645
9.110327
9.01615
8.935707
8.92191
8.81297
8.815263
8.709946
8.7106285
8.612613
8.611842
8.503706
8.385309
8.297817
8.352648
8.370876
8.200479
8.099694
8.055511
8.045296
7.8912683
7.772479
7.8147783
7.615677
7.538987
7.2750626
7.494078
7.3265996
7.1528745
7.072463
7.007289
6.989932
6.853132
6.944146
6.955132
7.037231
7.0034413
6.93908
6.784349
6.9450746
6.8482227
6.826852
6.8513055
6.8888516
6.9573674
6.9360995
7.0075655
6.9577436
6.9482107
6.9973364
6.978165
7.108211
6.9913163
7.060912
6.798134
7.050454
6.896999
6.9789844
6.8521547
7.0043535
6.845358
6.9029527
7.0265145
6.9575443
6.958494
6.9730167
7.231438
7.4053936
7.399772
7.4907074
7.562596
7.5878105
7.8347597
7.949035
8.242758
8.159437
8.20759
8.18203
8.038649
8.08807
8.238558
8.300396
8.27479
8.231156
8.502649
8.402311
8.329924
8.299693
8.227012
8.177338
8.122085
8.115587
8.192221
8.13528
8.1124
8.052795
7.9743876
7.910969
8.049883
7.981889
7.97544
7.9833937
7.904205
7.8552012
7.7808223
7.748381
7.6529617
7.5956674
7.648777
7.562971
7.5862317
7.504242
7.616461
7.560088
7.5631666
7.609315
7.5907784
7.550303
7.566707
7.50042
7.580293
7.5284243
7.5580287
7.609461
7.543247
7.5035357
7.609657
7.493751
7.4950585
7.416785
7.4121485
7.3937025
7.415197
7.280909
7.3273287
7.3724456
7.3368535
7.2995825
7.393528
7.321148
7.261201
7.261056
7.340754
7.354302
7.3380103
7.3717327
7.3988996
7.508575
7.538269
7.318198
7.388715
7.3032126
7.273677
7.3167677
7.26576
7.1667323
7.127185
7.1142745
7.1241484
7.033375
7.105095
7.1026525
7.0871644
7.121442
7.0124288
7.1858006
7.0506215
7.0187235
6.9175816
6.871837
6.794256
6.778369
6.6738915
6.5295086
6.885119
6.5982256
6.6966724
6.5557184
6.5695505
6.558918
6.365042
6.36687
6.4126463
6.387551
6.251513
6.336203
6.25565
6.5286684
6.431979
6.5967436
6.223611
6.461954
6.604164
6.6277027
6.6948676
6.503496
6.6585026
6.5326786
6.8279004
6.6969776
6.725
6.485044
6.794493
6.592379
6.7727323
6.734514
6.6922884
6.6584907
6.673432
6.7085567
6.6976843
6.6277695
6.5603366
6.672062
6.705095
6.5682945
6.642538
6.454466
6.7423706
6.634688
6.8504286
6.4775257
6.8606877
6.7910113
6.7334175
6.7401924
6.3664284
6.6590147
6.549228
6.5555205
6.5051546
6.603081
6.5631022
6.7550635
6.7437487
6.55562
6.5062623
6.6864004
6.614371
6.71685
6.6366315
6.595027
6.7601643
6.7902474
6.632109
6.7011895
6.681798
6.633882
6.569307
6.679089
6.468079
6.6167064
6.8186216
6.683438
6.584139
6.732238
6.724463
6.6647544
6.6466265
6.536529
6.6344514
6.512006
6.70117
6.692736
6.60818
6.5613637
6.5682425
6.454972
6.439657
6.636961
6.28199
6.429122
6.507171
6.317813
6.4280076
6.2585
6.3437204
6.4511957
6.158119
6.311178
6.1801343
6.518227
6.424831
6.4261036
6.3803263
6.405951
6.5189896
6.473983
6.3786917
6.536468
6.5990505
6.6089563
6.2312555
6.6776714
6.4755206
6.562092
6.4543166
6.562215
6.368631
6.6164804
6.551649
6.536044
6.45601
6.506267
6.4417067
6.546829
6.3598585
6.575535
6.286799
6.5209045
6.3057866
6.519139
6.5285106
6.356471
6.404441
6.4281034
6.5021744
6.4454875
6.3732533
6.2881684
6.2879643
6.359146
6.379869
6.3678913
6.312516
6.438938
6.3514986
6.3556356
6.20025
6.4671655
6.4584084
6.4940805
6.5378428
6.6110287
6.51967
6.52455
6.596144
6.5966663
6.674219
6.9217467
6.8479166
6.874325
6.814504
6.887227
6.8603683
6.845895
6.887953
6.911029
6.941841
7.1262407
6.944343
7.115902
6.9473104
7.013174
6.8575544
6.9052787
6.932608
6.9549685
6.836419
6.7979107
6.9139347
6.9661117
6.8500805
6.891143
6.8022385
6.8075557
6.800097
6.7040153
6.680068
6.5885167
6.6320505
6.763151
6.764444
6.702671
6.6751833
6.778781
6.5863304
6.694193
6.662578
6.663632
6.494982
6.598957
6.6477733
6.5296483
6.5589595
6.6558137
6.573333
6.667833
6.706132
6.7005744
6.77088
6.736643
6.6336308
6.6829624
6.6513543
6.8280087
6.587133
6.7909784
6.6086407
6.656226
6.6583133
6.767268
6.602079
6.645547
6.729905
6.7892575
6.6395545
6.797229
6.8951087
6.819358
6.715535
6.63455
6.7005525
7.0111294
6.8884034
6.8154793
6.8720446
6.9658628
6.8291516
6.888572
6.94132
7.0111732
6.93638
7.1340647
7.024029
6.900437
6.8111396
6.8892746
6.9077053
6.717273
6.7968225
6.928891
6.886942
6.882312
6.901612
6.853014
6.985053
6.774983
7.0149508
6.816595
6.842285
6.896798
6.718883
6.93782
6.779311
6.6582546
6.9054
6.9250236
6.7462673
6.8247757
6.851501
6.8422947
7.055899
6.764386
6.861898
6.8176913
6.936263
6.7160497
6.9345407
6.8192344
6.955825
6.898041
6.971204
6.967696
6.9037547
7.059669
7.0230346
6.9480443
7.092211
7.030968
7.172418
7.2883883
7.006954
7.408154
7.3023
7.2692003
7.2283106
7.3246913
7.184538
7.2791905
7.178818
7.3960414
7.3781767
7.454357
7.415465
7.4338007
7.3434086
7.1625977
7.2066436
7.114871
7.3481436
7.388713
7.40462
7.2389207
7.146099
7.2054157
7.3832574
7.123313
7.1529965
7.1410522
7.103904
6.927342
6.9893436
6.987205
6.9830713
7.000325
7.0524387
6.9956837
7.156543
6.9201403
6.933608
6.925622
6.933298
7.047908
6.968267
6.9055843
6.927395
6.9002395
6.932351
6.9848247
6.9324627
6.993515
7.012245
6.915933
6.8771505
6.783901
6.9274898
7.0218806
6.960077
6.856817
6.8491592
6.873983
6.8059072
7.02321
6.976795
7.162078
6.98554
7.059433
7.172681
7.117075
7.08435
6.9840612
7.051631
7.081873
7.13322
7.246201
7.253136
7.4447145
7.2477045
7.3858833
7.388115
7.348053
7.354985
7.306958
7.295227
7.408419
7.4072204
7.324071
7.134915
7.140284
7.3487525
7.326949
7.3860807
7.301415
7.352853
7.139733
7.256796
7.180419
7.384013
7.3276124
7.3202267
7.2698493
6.9508333
6.823447
7.064786
7.074807
7.0156984
6.9751635
6.999585
6.7916284
6.702008
6.862453
6.8348713
6.796733
6.854095
6.7777205
6.704507
6.8790655
6.880417
6.8754587
6.820226
6.922156
6.8674307
7.0032415
6.7499804
6.886928
6.9590282
6.8427854
6.8998857
6.931546
7.0523887
6.875186
6.86619
6.810233
6.9693336
6.9590535
7.093878
6.851847
7.052308
6.9288306
6.8853545
7.1637845
7.054296
7.0223484
7.0357904
7.285042
7.2149487
7.3472333
7.067853
7.3212647
7.0774007
7.245032
7.396982
7.3416305
7.5042796
7.4108477
7.31799
7.41092
7.5764875
7.2993293
7.4687557
7.461244
7.430966
7.2848425
7.445409
7.5177655
7.330959
7.32174
7.371321
7.2399125
7.2431912
7.3046856
7.4003496
7.3827105
7.330405
7.229532
7.2316613
7.0825505
7.1665435
7.1446285
7.038234
6.853929
6.865311
6.983621
6.9157677
6.8923507
6.877259
6.888267
6.8974566
6.914301
6.8695054
6.8018475
6.69901
6.8974276
6.6873865
6.816017
6.835772
6.9671474
6.8479004
6.8318186
6.960929
6.7903085
6.858694
7.0071645
6.839416
6.931347
6.9600844
7.007673
6.854332
6.910553
6.9456806
7.0211244
6.9804764
6.85805
6.9868646
6.892396
7.0854635
7.085618
7.000118
7.212258
6.9292393
7.1801515
6.996148
7.2298846
7.1912336
7.1744094
7.049993
7.0670485
7.0812373
7.101829
7.4058127
7.340141
7.338912
7.335064
7.352517
7.3698997
7.4313774
7.1682177
7.2163014
7.2842245
7.24271
7.2976794
7.2234964
7.252856
7.13318
7.3755927
7.0449815
7.17688
7.1144896
7.132416
7.196104
7.2424436
7.125432
7.0252852
7.0578904
7.2093363
6.9709344
7.0189342
7.0476565
6.957132
7.0678844
7.034265
6.8979077
6.8900394
6.854304
6.8382363
6.7347045
6.906773
6.7864265
6.9848957
6.733703
6.9173627
6.860485
6.877797
6.8685865
7.1750827
7.200718
7.160557
7.0595894
6.84788
6.5628242
6.4609504
6.608479
6.6050334
6.1913967
6.006925
5.680371
5.330737
5.438706
4.799167
4.709691
4.294425
4.001757
4.0606165
4.239039
4.231474
4.1294885
4.191076
4.072879
4.12614
4.1245365
4.0237594
3.9001873
3.947701
3.817144
3.6847425
3.9374368
4.120155
4.2290664
4.0435486
4.2117815
4.0885267
3.9943247
3.9754646
3.5638509
3.7693431
4.0296535
3.9727545
3.9690547
3.870526
4.026455
5.7501965
6.019117
5.867549
5.5935097
5.396457
5.2941365
5.6459455
5.838808
6.5135527
6.6076765
7.094888
6.6943803
6.7045546
6.8556614
6.9551754
6.7845345
6.856205
6.838737
6.8055367
6.826515
6.970433
6.9174933
6.8830485
7.0378385
7.081227
6.951702
6.9739046
7.032428
7.0043273
7.010589
7.1260715
7.1184163
7.0955496
7.0512667
6.977258
7.1743464
6.9285502
7.08185
6.993075
6.9197664
7.1315217
7.082578
7.0990624
7.1748395
7.309208
7.2800336
7.3920045
7.114009
7.4529104
7.3145566
7.448225
7.416402
7.242316
7.5700483
7.498906
7.590029
7.6095176
7.573834
7.518426
7.6212683
7.5449786
7.4399986
7.5571194
7.506121
7.5911813
7.4937615
7.54089
7.499905
7.5694313
7.6324515
7.525422
7.4083905
7.3565354
7.436477
7.369899
7.3580728
7.4812303
7.260398
7.414563
7.195436
7.275518
7.245061
7.422983
7.27707
7.2764425
7.2758904
7.301624
7.2909765
7.4067607
7.3742633
7.325363
7.2632785
7.2713423
7.260766
7.4945526
7.5425563
7.5461936
7.4354076
7.49909
7.36678
7.612024
7.5556555
7.4525476
7.4551163
7.477633
7.5531588
7.468969
7.4670753
7.564289
7.406696
7.6483207
7.5767293
7.649085
7.6673365
7.6413255
7.8264065
7.6548643
7.8770494
7.8421335
7.6938267
7.769207
7.6306453
7.685642
7.6474833
7.6020045
7.4233384
7.533576
7.5566344
7.622489
7.5167513
7.4168878
7.5046263
7.5122857
7.516204
7.4686
7.324113
7.3551836
7.3989124
7.299196
7.3601217
7.353712
7.3196583
7.0770016
7.462693
7.3342185
7.507721
7.265677
7.3761
7.2152023
7.382892
7.324478
7.2422876
7.449822
7.229768
7.2752194
7.409589
7.5111885
7.3124785
7.5781093
7.634354
7.400174
7.596646
7.5253525
7.7452755
7.5303526
7.5323825
7.512332
7.6201468
7.675579
7.871654
7.685977
7.7606373
7.680384
7.761647
7.906223
7.736336
7.945554
7.7127643
7.5956087
7.4989824
7.561983
7.424918
7.680907
7.6548243
7.6502676
7.7208548
7.5853205
7.6364484
7.6370506
7.433383
7.4769506
7.261239
7.4002905
7.371867
7.4055614
7.2782073
7.4297295
7.3999557
7.3561897
7.447736
7.453295
7.6478405
7.3030405
7.353804
7.4298964
7.488122
7.6071525
7.54053
7.5368433
7.5894947
7.6718187
7.7579107
7.7329464
7.9191217
7.6285686
7.6739216
7.749001
7.74403
7.8886943
7.7749205
7.992438
7.7884126
7.794653
7.7926397
7.654518
7.825301
7.6598225
7.6422606
7.61213
7.612336
7.612122
7.55352
7.652096
7.606168
7.4290285
7.618555
7.5511937
7.4475937
7.509062
7.548477
7.3431497
7.50045
7.444499
7.262105
7.552763
7.517905
7.464406
7.424456
7.246938
7.297753
7.5091133
7.4882054
7.366319
7.3542986
7.7014127
7.662642
7.7785473
7.715147
7.6831074
7.794366
7.8682065
7.7027497
7.9167156
7.853119
7.9572735
7.8673077
7.8273716
7.7869453
7.572202
7.8515205
7.7535534
7.475155
7.6642265
7.558755
7.7042446
7.580098
7.4197507
7.5231676
7.4390707
7.431795
7.3283772
7.57616
7.608786
7.398859
7.5442863
7.4015126
7.421244
7.4320674
7.3714905
7.424189
7.430014
7.312294
7.482469
7.2916203
7.3576956
7.551872
7.574654
7.675677
7.668277
7.614395
7.5545597
7.779813
7.998464
7.9668527
8.010033
7.923334
7.8882027
7.882378
7.823245
7.8372145
7.986683
7.8415275
7.918128
7.722129
7.6222267
7.6574326
7.691954
7.5630507
7.420623
7.4000382
7.357212
7.4466214
7.498635
7.319515
7.256736
7.3292475
7.349409
7.2497206
7.364142
7.3331366
7.3436494
7.3351097
7.2574525
7.603855
7.4221916
7.27565
7.506893
7.3770514
7.6503363
7.643012
7.618581
7.5767307
7.749362
7.5611677
7.656906
7.645648
7.7133484
7.72563
7.5804825
7.758427
7.7068934
7.5847754
7.4782877
7.645714
7.626564
7.407735
7.4457407
7.0995665
7.336901
7.101102
7.196485
7.0655828
7.362123
7.2871695
7.2999687
7.038475
7.0894294
7.102315
6.989779
7.2541227
7.1689
7.3995743
7.193149
7.363232
7.4493585
7.4169292
7.647294
7.5447125
7.537638
7.4836817
7.249774
7.59993
7.462554
7.730789
7.5447884
7.7135186
7.765915
7.4954433
7.6754813
7.5486026
7.68616
7.582282
7.6237383
7.3210773
7.184899
7.3163185
7.107564
7.0077925
7.188113
7.0002522
6.917136
7.052603
7.040716
6.6635795
6.9848557
7.093067
6.814689
6.92019
7.0948405
7.02521
7.0118976
7.0505333
6.9771566
7.1410832
7.0668173
7.1332674
7.3005157
7.1334143
7.2119226
7.4348145
7.3040757
7.420328
7.4800053
7.4696646
7.5140595
7.544999
7.4621005
7.354679
7.3141136
7.133251
7.326231
7.1928926
7.097667
7.0217543
6.9964685
7.0921907
7.2469487
6.962308
7.061431
7.3042903
6.7883844
6.7925096
6.9489117
6.937586
6.8243337
6.8049874
7.071858
7.1582794
7.014606
7.087856
7.0266876
7.0257406
7.325559
6.9084506
7.0799603
6.9813404
7.0952125
7.0177007
7.253132
7.3815374
7.3352604
7.5269127
7.383972
7.3525596
7.408178
7.142
7.1746774
7.4219317
7.4829254
7.527855
7.1824703
7.295196
7.1885786
7.2199473
7.214361
7.2663064
7.1428175
7.0103292
6.7931156
6.6826057
6.856528
6.6251354
6.8657455
6.8793955
6.7033105
6.895822
6.817649
6.724461
6.7903905
6.8128233
6.8598676
6.951047
7.018735
6.964818
7.0973897
7.1167345
7.2450395
7.094587
7.1927233
7.1441917
7.137685
7.079919
7.2789526
7.003758
6.680404
6.731234
6.88394
6.876581
6.7798944
6.787068
6.9303102
6.590704
6.552781
6.556425
6.658103
6.6089735
6.3153124
6.6302967
6.614165
6.5924635
6.6897984
6.3868985
6.710844
6.7993026
6.6027355
6.6701803
6.7548523
6.684416
6.810851
6.9151754
6.909125
6.811619
7.032288
7.0164204
6.6944942
6.8257146
6.875862
6.605413
6.622469
6.5739293
6.7027574
6.642053
6.6741204
6.756523
6.6217203
6.3611417
6.5051613
6.4975185
6.411103
6.4040556
6.2301426
6.3345623
6.243064
6.050186
6.2377696
6.266609
6.16655
6.285083
6.0950317
6.521802
6.3654103
6.068454
6.3065743
6.101328
6.187513
6.145191
6.201233
6.376226
6.2699947
6.122126
6.3305936
6.3899813
6.3110375
6.3203897
6.468935
6.4920764
6.091929
6.2385874
6.331901
6.2401805
6.279798
6.3075395
6.4165945
6.3371577
6.3314686
6.196727
6.1176023
6.3560514
6.322658
6.176554
6.161334
5.986324
6.2009697
6.039248
5.8878684
6.12296
5.9414253
5.884059
5.920089
5.9318213
5.879408
5.753078
5.7866635
5.8101187
6.012831
5.99291
5.8533916
5.837996
6.035154
5.881819
5.8437
6.156354
6.2707386
6.09601
6.2152786
6.2734637
6.138105
6.1154804
6.1011558
6.172843
6.056486
5.96272
6.240426
6.28419
6.237384
6.3006167
6.5776887
6.191761
6.0435967
6.2916822
6.241102
6.492997
6.315394
6.4749513
6.4368796
6.368851
6.4732094
6.3893447
6.3797555
6.3826833
6.2677245
6.375535
6.359438
6.3061967
6.5826225
6.3833284
6.401244
6.2761245
6.2948556
6.4219375
6.308427
6.4486136
6.5455623
6.309737
6.294474
6.3200955
6.484183
6.34596
6.3008156
6.3590994
6.098669
6.0038767
6.1041417
6.408156
6.3138633
6.4854608
6.4085364
6.4889636
6.563323
6.4415717
6.536128
6.557421
6.5917025
6.3310714
6.387815
6.351959
6.3398075
6.3903894
6.282549
6.455372
6.278423
6.580924
6.525302
6.54169
6.6904135
6.5622334
6.4789195
6.4582157
6.4922924
6.618165
6.3970776
6.723453
6.8523164
6.599282
6.8703365
6.6069098
6.8690953
6.5254827
6.7622414
6.5043817
6.6858716
6.437874
6.2081113
6.5123386
6.380955
6.430804
6.236321
6.3070874
6.5123615
6.4767394
6.3860016
6.5891337
6.570015
6.597817
6.621165
6.5015254
6.578601
6.397663
6.6593494
6.5685377
6.6601505
6.844245
6.7406034
6.8384795
6.959175
6.6890693
6.8910694
6.7534056
6.9526653
6.9169927
6.79735
6.856252
7.0193543
6.8005056
6.786121
6.809693
7.104267
6.7788386
6.922096
6.960673
6.6855197
6.763602
6.734188
6.6377425
6.684103
6.4270864
6.646578
6.8032336
6.89718
6.9799056
6.821043
6.965777
6.571166
6.6830573
6.657228
6.4971256
6.8514442
6.7173576
6.951681
6.6705356
6.5306635
6.679344
6.5363774
6.29018
6.315189
6.395998
6.626915
6.5130987
6.503697
6.6176734
6.564719
6.389849
6.4634285
6.3877516
6.254451
6.3795786
6.2140803
5.8548
5.7818384
5.9190097
5.822597
6.05142
6.01592
5.970961
6.1263113
5.980644
5.917079
5.987753
5.8724155
5.825309
6.12614
5.910596
5.8833237
5.9253497
5.940336
6.0163674
5.980337
5.9871016
6.024767
6.018521
5.9669895
6.180002
6.2026367
6.1756487
5.9720635
6.091361
6.097359
6.0158024
6.070567
6.1529737
6.1327934
6.058142
6.0835834
6.1776595
6.0781174
6.0758276
5.908184
5.880563
6.027312
5.9081798
5.8984966
5.8706613
5.860778
6.0516768
5.9231443
5.9332857
5.9214683
5.9350758
5.766087
6.027966
5.760697
5.779881
5.6513405
5.7737436
5.880668
5.9881935
5.8196797
5.957547
6.132557
5.8453603
5.9426827
5.968524
5.84109
5.9554825
5.924846
6.0372252
6.178695
5.9514923
5.8877463
5.732186
5.870488
5.9236555
5.9684954
5.885276
5.9720225
6.0075383
5.9893885
6.1284895
5.9028645
6.0285707
5.991145
6.0507827
6.070876
5.8898935
5.90255
6.035147
6.0458455
5.913588
6.107791
6.0576315
6.12467
6.0470724
5.9808283
5.830404
6.074223
5.751223
5.878824
5.8857007
6.122765
5.9178305
5.9866467
5.992806
6.0119276
5.9747105
5.696857
6.1241255
6.0412474
5.963873
5.61111
6.111703
6.1860356
5.932375
6.008019
6.1417236
6.1593876
5.8231854
5.93809
5.825651
6.15274
5.8552957
5.7268524
5.8331375
5.9520144
5.9210887
5.984426
5.8529015
6.0924892
5.838826
6.0728354
5.784585
5.7573123
5.748173
5.670522
5.7206893
5.8468328
5.8511314
5.9820476
5.7291884
5.6915107
5.6589203
6.0452228
5.725007
5.830143
5.9226303
5.624014
5.766268
6.0756216
5.9193177
5.8975263
5.6862607
5.919198
5.669085
5.619575
5.595709
5.65057
5.665928
5.5273952
5.687624
5.525782
5.611305
5.372564
5.6870127
5.304619
5.6899996
5.536466
5.4298015
5.384705
5.184452
5.6574907
5.3378563
5.5688324
5.4605536
5.588301
5.320607
5.5690284
5.467061
5.5862713
5.31413
5.5216637
5.1535435
5.5638814
5.597001
5.327046
5.5681543
5.4818497
5.426333
5.491251
5.6527886
5.5204654
5.4432244
5.55129
5.6502814
5.7263684
5.59831
5.877126
5.552421
5.603815
5.599184
5.4792457
5.465482
5.435175
5.760342
5.5468974
5.5253143
5.4642143
5.7160435
5.4250755
5.4436846
5.540321
5.393913
5.387012
5.583837
5.476885
5.473789
5.5897274
5.599362
5.4233837
5.577062
5.5738783
5.6307125
5.7005563
5.543478
5.625949
5.6722994
5.5001106
5.6662703
5.401656
5.742542
5.6415024
5.251163
5.474331
5.4824743
5.729762
5.6492195
5.096106
5.399832
5.1803746
5.4440384
5.5339994
5.259707
5.315921
5.343039
5.425931
5.5127683
5.209196
5.1416125
5.1450024
5.4785795
5.4007387
5.0812416
5.370182
4.9576926
5.0367365
5.1543965
5.0997496
5.273694
5.2488117
5.339238
5.411224
5.086179
5.2574973
5.226642
5.2287903
5.2940598
5.396857
5.281207
5.2934213
5.345446
5.3710837
5.2239666
5.2537594
5.277771
5.2108903
5.1366787
5.2714133
5.1118703
5.2090654
5.0909586
5.056481
5.3477907
5.221291
5.2316976
