10000
8.8559265
8.894523
8.842503
8.898612
8.876287
8.818638
8.897635
8.863003
8.824461
8.865964
9.019701
9.002476
9.009504
9.02327
9.070321
8.941682
8.815347
8.83766
8.878697
8.88702
8.89477
8.9728155
9.032059
9.05942
9.097399
9.073157
9.134823
9.136294
9.157336
9.156446
9.135529
9.143055
9.054902
9.007468
8.942004
8.964035
8.935317
9.023958
9.007794
9.043769
9.060872
9.128096
9.135689
9.1272
9.0686865
9.139683
9.132027
9.063202
9.007658
8.935922
8.905516
8.902405
8.962893
9.05511
9.091394
9.189306
9.191885
9.193497
9.202223
9.152628
9.094898
9.039896
8.985227
8.968882
8.978759
9.048578
9.022445
9.05414
9.02994
9.042385
9.00243
9.062541
9.027551
9.062144
9.045878
8.999372
8.993874
8.949209
8.966635
8.931813
8.784895
8.762964
8.770048
8.805946
8.760651
8.783472
8.860575
8.829333
8.874771
8.7890415
8.877855
8.8734045
8.934477
8.881392
8.913107
8.911768
8.920984
8.942307
8.851833
8.837875
8.839068
8.810023
8.795839
8.81938
8.821537
8.810497
8.814132
8.868128
8.783419
8.867214
8.827813
8.930565
8.887437
8.870692
8.860885
8.851769
8.871674
8.858453
8.920186
8.942296
8.813357
8.876244
8.816053
8.839988
8.915878
8.827247
8.840491
8.835584
8.8288355
8.8997755
8.851973
8.940541
8.922438
8.918577
8.87364
8.8371935
8.853266
8.810207
8.868863
8.891906
8.970709
8.9255905
8.893682
8.827155
8.8503475
8.75045
8.778258
8.73415
8.719501
8.709307
8.69869
8.7597685
8.669945
8.800434
8.712615
8.7709875
8.724007
8.685235
8.606501
8.546911
8.49378
8.411884
8.416212
8.420811
8.610732
8.564946
8.521001
8.50724
8.448591
8.350358
8.282503
8.249124
8.124146
8.14872
8.001347
8.026138
7.896616
7.8699307
7.7575846
7.659137
7.328606
7.114939
6.7846227
6.4439774
6.03122
5.421567
4.919293
4.4075108
4.3603005
4.512454
4.6983027
5.1281104
5.3225236
5.5718393
5.667992
5.824242
6.2192664
6.4438214
6.6429534
6.8984575
6.958252
7.143714
7.292523
7.3628335
7.540551
7.5442543
7.479258
7.481918
7.6226773
7.667209
7.8574452
8.0705
8.109896
8.038765
8.104225
8.1404295
8.069597
8.074013
7.9273424
8.003818
7.878989
7.908434
7.926333
7.9384556
7.911533
7.9737043
7.9825196
7.995882
7.974385
8.026916
7.956475
8.104608
7.9472265
8.071261
8.001007
8.00541
7.9766636
8.066346
8.088199
8.053705
8.025625
7.9954033
8.107649
8.07236
8.101847
7.998189
8.042223
7.9782386
7.979557
7.9951534
8.003101
8.015863
7.9501996
8.071525
8.103022
8.092541
8.096932
8.108932
8.110274
8.108074
8.245991
8.237905
8.23852
8.260449
8.254367
8.266074
8.272648
8.261496
8.279914
8.251525
8.30095
8.3553
8.347087
8.350716
8.313875
8.35058
8.3200035
8.354037
8.310339
8.325333
8.3166485
8.31763
8.333613
8.342085
8.332297
8.362808
8.358403
8.396657
8.312073
8.378995
8.421542
8.466304
8.535137
8.483924
8.503582
8.426232
8.351425
8.282144
8.374676
8.380855
8.467221
8.454279
8.487357
8.476193
8.493459
8.503545
8.480691
8.474653
8.468178
8.452553
8.457852
8.483738
8.481251
8.4498825
8.47989
8.473786
8.4493065
8.438093
8.433662
8.395826
8.351047
8.297231
8.275706
8.277503
8.250796
8.337869
8.309265
8.382885
8.316445
8.382705
8.334613
8.399721
8.423481
8.37756
8.453176
8.412003
8.489707
8.389005
8.415701
8.38084
8.375885
8.365853
8.380173
8.375171
8.408757
8.415056
8.397673
8.437923
8.345152
8.278353
8.398348
8.329415
8.330011
8.255632
8.27444
8.245137
8.266267
8.288395
8.276453
8.305466
8.27705
8.257278
8.272485
8.253802
8.289537
8.284349
8.260346
8.232672
8.233161
8.373138
8.440338
8.514799
8.522317
8.478657
8.472461
8.505036
8.431739
8.4634075
8.452907
8.459426
8.469259
8.417667
8.4617815
8.32764
8.386108
8.285411
8.274417
8.256129
8.259655
8.240879
8.246048
8.235367
8.22164
8.25906
8.204045
8.307552
8.186571
8.295072
8.194444
8.259968
8.227972
8.255524
8.2141
8.263313
8.18718
8.306015
8.170113
8.320065
8.267168
8.400259
8.256274
8.347901
8.271466
8.296322
8.281225
8.312687
8.298516
8.424088
8.33482
8.376495
8.349458
8.488111
8.357446
8.491157
8.359091
8.410155
8.239444
8.2349415
8.044791
8.193404
8.124171
8.31451
8.406876
8.5354805
8.445674
8.551662
8.453593
8.556345
8.448169
8.552178
8.403635
8.384783
8.146421
8.185317
8.085979
8.161769
8.119447
8.241145
8.171579
8.347947
8.2101965
8.363766
8.184142
8.221515
7.975299
8.03895
8.013896
8.100606
7.942548
8.028816
7.9474344
7.850632
7.968366
8.009384
7.918518
7.923876
7.9175544
7.970425
7.89284
8.012004
8.0024605
8.048205
8.003695
8.012582
7.9838014
8.130909
8.074694
8.167576
8.221139
8.201477
8.122096
8.079186
8.103346
8.123571
8.085461
8.036476
8.1219
8.15968
8.157798
8.121773
8.091705
8.179125
8.242837
8.156996
8.274878
7.9132543
7.8610506
7.6440725
7.478151
7.5015883
7.36093
7.0942645
7.124133
7.098244
7.0291505
7.026493
6.968832
6.827387
6.662883
6.3310127
6.249208
6.3901873
6.211235
6.0578375
5.7936277
5.513899
5.2180233
5.234942
5.0526686
4.852096
5.140885
4.6752267
4.612758
5.010275
5.2123613
5.7571096
5.474312
5.252281
5.1220584
5.0553923
5.495334
5.4677963
5.4251466
5.0002556
4.49401
4.8358183
5.3370347
5.401099
5.077501
5.317093
4.7859764
4.722516
4.969942
5.0349693
4.9921794
4.779152
5.2021694
4.958436
4.3966236
4.0851054
4.471729
5.276947
5.372959
6.3975215
6.596519
6.86074
7.3942327
7.367197
6.7840796
6.244524
5.3536177
5.0929956
5.11615
6.2018986
6.97808
7.949296
7.5137563
6.9047627
7.2497187
5.900288
6.7271214
6.725397
7.3910084
7.40081
6.935403
6.9654546
7.2056656
6.646209
6.8273087
7.137637
7.689476
8.04839
7.73745
7.792309
7.8214407
7.571211
6.4934053
7.3090878
7.501177
7.482814
7.6260505
7.263272
6.9045954
5.9565325
4.641985
3.8454137
4.289799
3.9213579
3.5160244
3.7390938
3.5626116
3.5585024
3.4907465
3.4896204
3.5383074
3.6461082
3.461869
3.582813
3.6436374
3.6645179
3.7549047
3.8101146
4.0053253
4.1535516
4.0969186
4.156553
4.0945334
4.070811
3.9671774
3.8053224
4.1526985
3.880594
3.6685274
3.6786957
3.725872
3.631967
3.6871538
3.6471143
3.5609396
3.6239092
3.7362227
3.821091
3.7634716
3.7996874
4.369855
3.9904425
3.94784
3.8670354
3.905166
3.793918
3.725019
3.5931163
3.6970882
3.89133
3.7168798
3.7566268
3.7668605
3.756307
3.6957226
3.7276149
3.7088923
3.6916268
3.7801843
3.749604
3.7881694
3.766082
3.8769395
3.9537745
3.9498093
3.9173486
3.9636092
4.0606728
3.9073615
3.940357
3.9115727
4.3517947
3.8513656
3.9224648
3.8566897
3.9311125
3.9120932
3.8763273
3.8767726
3.9197426
3.9587681
4.076246
4.250526
4.1698165
4.1980057
4.2177277
4.305956
4.336941
4.3191366
4.398898
4.4037237
4.425945
4.350317
4.3416047
4.3428035
4.3419333
4.226609
4.194643
4.0668564
4.072481
3.9953706
3.9342732
3.7487314
3.7671118
3.797771
3.748312
3.8129551
4.0841875
4.3886867
4.407708
4.2369266
3.9425547
3.6176662
3.607696
3.5879774
3.6010065
3.753896
3.731852
3.803831
4.2167826
4.3481674
4.3223915
3.9471245
4.020347
4.2811074
4.1587296
4.765084
4.2703457
4.1600003
4.432519
4.5754304
4.3660345
4.446249
4.6272764
4.3818803
4.6224318
4.373246
4.405525
4.1468015
4.1263933
4.0136504
4.010627
4.344405
4.4304276
4.4757967
4.7225723
4.5931954
4.177912
4.4604754
4.4927306
4.135912
4.4025903
4.282637
4.1401396
4.1838384
4.2277913
4.209176
4.6938343
4.5550804
4.340541
4.302444
4.003376
4.2666154
4.0187283
4.2098517
4.3024483
4.427888
4.220382
4.1417136
4.312179
4.6001678
4.5246334
4.065115
4.3401427
4.622127
4.704261
4.7334223
4.844744
4.5329285
4.318825
4.0769825
4.06047
4.063522
4.1435776
4.256216
4.064797
4.066626
4.0869884
4.4222717
4.468922
4.6204615
4.7314935
4.563463
4.658302
4.6858907
4.66382
4.562737
4.537498
4.2869043
4.1135163
4.0224147
4.0787287
4.1270385
4.0753117
3.9795547
3.9240365
3.9269092
3.82781
3.8178835
3.8058057
3.7839074
3.862185
3.7905676
3.7876647
3.864684
3.8231802
3.7871768
3.6966515
3.6312158
3.575245
3.5631592
3.7054932
3.7349482
3.9068346
3.9610138
4.294817
4.3124413
4.355899
4.484173
4.3641324
4.3213315
4.2765675
4.6277876
4.3823757
4.2368193
4.0175266
4.0347295
4.041001
4.0070167
4.046487
3.9787617
3.9521437
3.9770055
4.030231
3.9512515
3.9571185
4.101146
3.9989169
4.038763
3.9217849
3.9675634
3.951195
3.9412184
3.951422
3.9770927
3.985097
4.01602
4.032769
3.9719164
4.069196
4.043838
4.0786033
4.0347724
4.042092
4.0230174
3.9637628
3.8769703
3.9894962
3.9318488
3.8742597
3.888703
3.9042478
3.8959112
3.9802487
3.919565
3.856462
3.9557254
3.9046173
3.9312644
3.8975222
3.9114857
3.8927474
3.8966541
3.9038522
3.8836408
3.8935742
3.8999171
3.895791
3.9421544
3.9348135
3.9426088
3.914483
3.9420168
3.9105535
3.9091964
3.924926
3.9245896
3.9353337
3.9304123
3.9436924
3.970059
3.9506736
3.9340901
3.9308693
3.9695683
3.9465241
3.9255211
3.9491425
3.9533877
4.0051785
3.946391
3.954785
3.9727616
3.9701815
4.08767
4.0780644
4.0153694
4.360039
4.358011
4.3068676
4.2539916
4.394937
4.4693584
4.427454
4.4926906
4.424657
4.2935586
4.2991323
4.340563
4.319647
4.3495297
4.1417584
4.115815
4.211057
4.4839554
4.223345
4.257158
4.2886057
4.290574
4.2311363
4.244184
4.173797
4.086843
4.2022376
4.0923653
3.9577906
3.9560957
3.9758
4.0324564
4.0239096
4.1505895
4.0814605
4.053881
4.0748334
4.0377555
4.355478
4.5045137
4.392205
4.29766
4.3703485
4.424803
4.2918386
4.23664
4.195195
4.0738535
3.6022418
3.864821
3.8981767
4.1725197
4.140859
4.3862324
4.501571
4.601701
4.305032
4.0398273
4.34593
4.060414
3.862009
4.2712455
4.322768
4.2168922
4.034086
4.601425
5.0516887
4.633304
4.2429852
4.065485
4.0025296
4.2467136
4.3126726
4.314151
4.03679
4.4215875
4.221492
4.804915
5.2451034
4.491124
4.104344
4.168423
4.07771
4.258309
4.1519017
4.082957
4.6941633
4.714057
5.0936947
4.968757
4.6179824
3.9908803
3.7550907
3.850817
4.671852
4.3227386
4.5885487
4.315448
4.741615
4.272799
4.055336
4.6114426
4.442072
4.1368456
3.6867468
3.5271943
3.5216608
3.6123228
3.8542976
4.3302546
4.3449407
4.0666184
3.960391
3.7285724
3.7944667
3.6566663
3.6692376
4.061223
3.8319554
3.9192257
3.946231
3.895249
6.163274
6.095731
6.1117673
6.1204457
6.042263
6.0177155
6.068465
6.0735583
6.018238
6.1736994
6.103271
5.9699097
6.0409346
6.232377
6.1767735
6.176376
6.2369423
6.368972
6.2656517
6.2865796
5.7677336
5.719074
5.8698025
5.8055654
5.502402
5.228985
4.9692173
5.0968447
5.136947
5.391037
5.4164324
5.465687
5.50023
5.561887
5.594758
5.659743
5.727294
5.9251065
6.029802
6.093099
6.3927555
6.5313005
6.491486
6.413473
6.3794107
6.385956
6.212357
6.0941186
6.1212854
6.067753
6.2267275
6.2501907
6.476779
6.5088406
6.569233
6.5760455
6.8222284
6.7948885
6.9281507
6.8045607
6.9717064
6.808325
6.9415526
6.74721
6.623972
6.514433
6.5746245
6.5329137
6.4457655
6.4042854
6.5087047
6.600662
6.53986
6.4530644
6.4025326
6.264607
6.054423
5.890082
5.850038
5.86823
5.8998613
5.885091
5.9213576
5.9089694
5.859892
5.844615
5.859729
5.8406997
5.811055
5.88484
5.7953115
5.8456054
5.905031
5.86739
5.9796557
5.874567
6.0019536
5.9001784
5.8680696
5.9475465
5.9318714
5.9863963
5.91477
5.9566555
5.9588084
5.932639
5.9653196
5.9484725
5.993372
5.9830647
6.027142
6.1312237
6.143332
6.0062356
6.045081
6.0605073
6.269606
6.358199
6.5546336
6.5660257
6.7061157
6.703274
6.6539025
6.7382107
6.7976065
6.995179
7.0959973
7.1525793
7.1496787
7.054035
7.0461206
7.022288
7.1641016
7.146026
7.0931077
7.045805
6.9726872
6.959092
6.936659
6.917944
6.9750004
6.9382467
6.9339457
6.9414587
6.920663
6.8984327
6.9416037
6.88074
6.929445
6.873495
6.9620776
6.873952
6.9431424
6.858944
7.0370812
6.910849
6.9942026
6.88798
6.9628253
6.8578176
6.9720974
6.9098215
7.003772
6.9315367
6.9915786
6.920388
6.994617
6.918502
6.922954
6.9876566
6.8721404
6.9969044
6.89365
6.986969
6.895567
7.0046916
6.949097
7.030508
6.949012
7.055532
7.055559
7.073668
7.194431
7.025862
7.175082
6.8772616
6.8023057
6.7370768
6.755153
6.903853
6.7483363
6.901988
6.7305117
6.905097
6.711719
6.942098
6.886409
7.002236
6.921896
7.0756245
7.030857
7.074733
7.075942
7.111122
7.007143
6.9437456
6.933202
6.8517766
6.8848925
6.931494
6.991363
6.5008583
6.289885
5.90126
5.5386696
5.9404902
6.3435993
5.9069448
6.110695
6.579336
5.235434
6.2262473
6.341831
6.354863
6.496266
6.517297
6.1623054
6.2908673
6.592935
6.53119
6.480248
6.365414
6.4043207
6.348075
6.5013514
6.52682
6.5896077
6.874015
6.9704638
6.8049684
6.8310075
6.8990645
6.76637
6.7556853
6.752609
6.8055916
6.818292
6.801025
6.7648787
6.7357697
6.722141
6.78953
6.7628636
6.766556
6.697821
6.7426195
6.709257
6.7053137
6.662458
6.603512
6.564455
6.6699615
6.5610495
6.3807755
6.3426948
6.2779474
6.3445807
6.201918
6.388765
6.529894
6.6846795
6.642846
6.4791646
6.5345078
6.531416
6.5756483
6.446861
6.5301433
6.475982
6.750652
6.7098355
6.7703495
6.7304993
6.751693
6.799423
6.934488
7.1564765
6.995772
6.4312167
6.053339
5.256374
4.398479
4.08285
4.459935
4.4144607
4.491096
4.6311307
4.6619534
4.713589
4.6803393
4.6430426
4.6919312
4.7526536
4.7411814
4.768697
4.8156667
4.650953
4.6944504
4.674147
4.6635256
4.6225433
4.69737
4.792059
4.7581406
4.7596984
4.820825
4.8066497
4.846397
4.9147735
4.8431306
4.886393
4.787649
4.8067517
4.823872
4.8519926
4.876448
4.970684
4.959264
4.8619337
4.821009
4.830774
4.8535643
4.838929
4.8018312
4.808043
4.80871
4.7536397
4.808264
4.7404037
4.788639
4.7597737
4.735077
4.827654
4.7491713
4.772264
4.7219996
4.755267
4.706918
4.7095094
4.758655
4.733981
4.7361064
4.858893
4.7696843
4.8123574
4.7347555
4.8063545
4.74202
4.8002453
4.733556
4.823542
4.804768
4.725951
4.822774
4.7140875
4.8442707
4.8131146
4.877596
4.8010745
4.8463964
4.7989407
4.860472
4.870502
4.833959
4.858231
4.872379
4.829002
4.8115726
4.818725
4.7976885
4.847137
4.8893847
4.8546834
4.8530917
4.861194
4.891982
4.8563085
4.8146954
4.793491
4.872155
4.883823
4.894935
4.760593
4.8694005
4.88251
4.852604
4.8929396
4.871705
4.9447775
5.055394
4.981259
4.9233856
4.9583964
4.9611235
4.8835287
4.920723
4.9089775
4.88183
4.8985634
4.8945737
4.9402733
4.9285145
4.840079
4.819208
4.8010054
4.7474155
4.7618613
4.7768145
4.832666
4.861555
4.842225
4.910899
4.8527355
4.902713
4.9204464
4.9489036
4.947524
4.9267044
4.918413
4.922931
4.8963675
4.7948976
4.8667917
4.8731813
4.8599706
4.7903438
4.8245926
4.81822
4.826807
4.817931
4.872891
4.785334
4.868353
4.7420044
4.8318396
4.8084707
4.816658
4.66425
4.748227
4.7870617
4.787589
4.708115
4.772415
5.1051354
5.028478
5.1331162
5.1448994
5.160343
5.235224
5.339321
5.3835225
5.408415
5.391988
5.454256
5.504103
5.4760103
5.4565015
5.4134426
5.442275
5.557601
5.5443926
5.5272665
5.5935655
5.5482326
5.537398
5.4972157
5.4527454
5.556537
5.587808
5.6268225
5.558961
5.650241
5.5816236
5.559102
5.6533055
5.658496
5.591228
5.6225452
5.5939198
5.666471
5.548128
5.574423
5.6396346
5.6207294
5.59969
5.5987997
5.5868564
5.614584
5.6114836
5.6858196
5.8039875
5.739512
5.744343
5.704861
5.6717505
5.809295
5.7213354
5.8152266
5.807735
5.9127197
5.8645377
5.847579
5.840748
5.8859277
5.82504
5.8502345
5.752086
5.9694333
5.69715
5.8656654
5.7507
5.8301897
5.7627425
5.7334013
5.85174
5.6711855
5.771231
5.7050104
5.8029604
5.758404
5.7919116
5.7744894
5.7455482
5.6958475
5.8044014
5.7325597
5.781132
5.7909756
5.8248816
5.763513
5.83565
5.821393
5.8262215
5.795554
5.839382
5.8248806
5.812188
5.8644476
5.7963305
5.76809
5.8506174
5.780711
5.760901
5.826163
5.72179
5.78672
5.817338
5.7815857
5.6563587
5.5164623
5.5717125
5.4252605
5.064474
5.2290044
5.5696306
5.079818
4.491341
5.044134
5.4093766
5.6649833
5.728341
5.6604953
6.245413
6.4380827
6.727705
6.755209
6.49913
6.455375
6.5879207
6.6145463
6.5385413
6.548148
6.614126
6.4593406
6.3424997
6.2971377
6.2657127
6.1022396
6.2730107
6.7697864
6.5333524
6.3587418
6.6850014
6.3323755
6.509603
6.6388865
6.8574142
6.6674027
6.1850376
6.372184
6.02916
6.159432
6.642445
6.8064675
6.7698917
6.2974
6.4149404
5.8513026
6.359386
5.4973845
5.5187187
5.1637383
5.317851
6.086831
5.9583507
6.0006824
6.2970467
6.271693
5.477917
5.3708143
6.0432334
6.3750014
6.7100534
6.5654316
6.03499
5.6422734
5.8753867
6.0916195
5.7938833
5.5584745
