563.0,311.0,103.0,123.0
568.7777709960938,311.4444580078125,103.0,123.0
571.888916015625,313.66668701171875,103.0,123.0
567.0,316.7778015136719,103.0,123.0
560.3333129882812,318.11114501953125,103.0,123.0
553.6666259765625,320.3333740234375,103.0,123.0
546.9999389648438,321.6667175292969,103.0,123.0
542.1110229492188,322.1111755371094,103.0,123.0
535.4443359375,324.3334045410156,103.0,123.0
534.9998779296875,327.44451904296875,103.0,123.0
538.9998779296875,328.7778625488281,103.0,123.0
541.2221069335938,327.44451904296875,103.0,123.0
541.4660301208496,327.4671630859375,105.27887725830078,125.72137451171875
543.7374534606934,327.01287841796875,105.27887725830078,125.72137451171875
547.8259544372559,330.1928405761719,105.27887725830078,125.72137451171875
551.9144554138184,331.5556640625,105.27887725830078,125.72137451171875
556.9115257263184,332.9184875488281,105.27887725830078,125.72137451171875
553.7315940856934,335.18988037109375,105.27887725830078,125.72137451171875
555.0944480895996,334.735595703125,105.27887725830078,125.72137451171875
554.6401634216309,336.0984191894531,105.27887725830078,125.72137451171875
556.9115867614746,334.735595703125,105.27887725830078,125.72137451171875
562.8172264099121,334.28131103515625,105.27887725830078,125.72137451171875
565.894401550293,331.47657775878906,107.60816955566406,128.50296020507812
566.358757019043,331.94090270996094,107.60816955566406,128.50296020507812
570.537712097168,331.47657775878906,107.60816955566406,128.50296020507812
571.9307174682617,329.15492248535156,107.60816955566406,128.50296020507812
573.3237228393555,330.5479278564453,107.60816955566406,128.50296020507812
578.4313278198242,331.0122528076172,107.60816955566406,128.50296020507812
578.8956832885742,330.5479278564453,107.60816955566406,128.50296020507812
577.5026779174805,331.0122528076172,107.60816955566406,128.50296020507812
576.1096725463867,330.5479278564453,107.60816955566406,128.50296020507812
573.7880172729492,325.44029235839844,107.60816955566406,128.50296020507812
570.537712097168,323.11863708496094,107.60816955566406,128.50296020507812
570.073356628418,322.65431213378906,107.60816955566406,128.50296020507812
572.3950119018555,317.5466766357422,107.60816955566406,128.50296020507812
568.2160568237305,315.2250213623047,107.60816955566406,128.50296020507812
569.6090621948242,316.61802673339844,107.60816955566406,128.50296020507812
570.0734176635742,317.0823516845703,107.60816955566406,128.50296020507812
566.823112487793,314.7606964111328,107.60816955566406,128.50296020507812
567.287467956543,314.29637145996094,107.60816955566406,128.50296020507812
575.1810836791992,313.83204650878906,107.60816955566406,128.50296020507812
579.3600387573242,315.2250518798828,107.60816955566406,128.50296020507812
582.6103439331055,315.6893768310547,107.60816955566406,128.50296020507812
584.931999206543,316.15370178222656,107.60816955566406,128.50296020507812
583.5389938354492,316.61802673339844,107.60816955566406,128.50296020507812
582.1459884643555,315.2250213623047,107.60816955566406,128.50296020507812
585.3962936401367,314.7606964111328,107.60816955566406,128.50296020507812
585.8606491088867,316.15370178222656,107.60816955566406,128.50296020507812
583.5389938354492,316.61802673339844,107.60816955566406,128.50296020507812
583.0746383666992,315.2250213623047,107.60816955566406,128.50296020507812
582.6102828979492,316.61802673339844,107.60816955566406,128.50296020507812
581.2172775268555,318.0110321044922,107.60816955566406,128.50296020507812
583.538932800293,315.6893768310547,107.60816955566406,128.50296020507812
585.8605880737305,317.08238220214844,107.60816955566406,128.50296020507812
590.0395431518555,316.61805725097656,107.60816955566406,128.50296020507812
591.4325485229492,315.2250518798828,107.60816955566406,128.50296020507812
592.825553894043,317.5467071533203,107.60816955566406,128.50296020507812
589.5752487182617,317.08238220214844,107.60816955566406,128.50296020507812
590.0396041870117,319.40403747558594,107.60816955566406,128.50296020507812
584.003288269043,321.72569274902344,107.60816955566406,128.50296020507812
581.3676223754883,322.71285247802734,109.98899841308594,131.34608459472656
580.8930130004883,324.1366500854492,109.98899841308594,131.34608459472656
578.5199661254883,325.5604476928711,109.98899841308594,131.34608459472656
576.1469192504883,326.98424530029297,109.98899841308594,131.34608459472656
577.5707473754883,326.50963592529297,109.98899841308594,131.34608459472656
570.9375495910645,328.50342559814453,112.4225082397461,134.2521209716797
571.4226570129395,328.98853302001953,112.4225082397461,134.2521209716797
571.9077644348145,329.47364044189453,112.4225082397461,134.2521209716797
570.4524421691895,330.92896270751953,112.4225082397461,134.2521209716797
572.8779792785645,331.41407012939453,112.4225082397461,134.2521209716797
570.4524421691895,332.86939239501953,112.4225082397461,134.2521209716797
567.0566902160645,334.32471466064453,112.4225082397461,134.2521209716797
567.5417976379395,333.83960723876953,112.4225082397461,134.2521209716797
565.1162605285645,336.26514434814453,112.4225082397461,134.2521209716797
561.7205085754395,334.80982208251953,112.4225082397461,134.2521209716797
559.2949714660645,336.26514434814453,112.4225082397461,134.2521209716797
556.8694343566895,336.75025177001953,112.4225082397461,134.2521209716797
553.4736824035645,339.17578887939453,112.4225082397461,134.2521209716797
553.9587898254395,337.72046661376953,112.4225082397461,134.2521209716797
551.5332527160645,341.1161880493164,112.4225082397461,134.2521209716797
549.1077156066895,339.6608657836914,112.4225082397461,134.2521209716797
548.6226081848145,342.0864028930664,112.4225082397461,134.2521209716797
551.0481452941895,339.6608657836914,112.4225082397461,134.2521209716797
547.6523933410645,338.2055435180664,112.4225082397461,134.2521209716797
552.0183601379395,337.7204360961914,112.4225082397461,134.2521209716797
558.3246955871582,337.2353286743164,112.4225082397461,134.2521209716797
562.6906623840332,335.7800064086914,112.4225082397461,134.2521209716797
568.996997833252,335.2948989868164,112.4225082397461,134.2521209716797
575.3033332824707,333.8395767211914,112.4225082397461,134.2521209716797
576.7586555480957,335.2948989868164,112.4225082397461,134.2521209716797
579.1841926574707,334.8097915649414,112.4225082397461,134.2521209716797
582.5799446105957,334.3246841430664,112.4225082397461,134.2521209716797
585.0054817199707,333.8395767211914,112.4225082397461,134.2521209716797
583.5501594543457,335.2948989868164,112.4225082397461,134.2521209716797
586.9459114074707,332.8693618774414,112.4225082397461,134.2521209716797
582.5799446105957,337.2352981567383,112.4225082397461,134.2521209716797
585.9756965637207,334.8097610473633,112.4225082397461,134.2521209716797
584.5203742980957,332.3842239379883,112.4225082397461,134.2521209716797
584.0352668762207,334.8097610473633,112.4225082397461,134.2521209716797
581.6097297668457,331.4140396118164,112.4225082397461,134.2521209716797
585.0054817199707,327.04810333251953,112.4225082397461,134.2521209716797
583.5501594543457,322.68216705322266,112.4225082397461,134.2521209716797
586.9459114074707,318.3162307739258,112.4225082397461,134.2521209716797
589.3714485168457,313.9502944946289,112.4225082397461,134.2521209716797
588.8863410949707,311.5247573852539,112.4225082397461,134.2521209716797
593.2523078918457,310.0694351196289,112.4225082397461,134.2521209716797
597.6182746887207,306.67371368408203,112.4225082397461,134.2521209716797
597.1331672668457,309.09925079345703,112.4225082397461,134.2521209716797
603.4395027160645,307.64392852783203,112.4225082397461,134.2521209716797
606.8352546691895,310.06946563720703,112.4225082397461,134.2521209716797
603.4395027160645,309.58435821533203,112.4225082397461,134.2521209716797
607.8054695129395,312.00989532470703,112.4225082397461,134.2521209716797
608.2905769348145,311.52478790283203,112.4225082397461,134.2521209716797
610.7161140441895,316.8609390258789,112.4225082397461,134.2521209716797
606.3501472473145,319.2864761352539,112.4225082397461,134.2521209716797
612.6564826965332,317.8311538696289,112.4225082397461,134.2521209716797
612.1713752746582,323.1673049926758,112.4225082397461,134.2521209716797
608.7756233215332,323.6524124145508,112.4225082397461,134.2521209716797
616.052173614502,326.0779495239258,112.4225082397461,134.2521209716797
610.7160530090332,325.5928421020508,112.4225082397461,134.2521209716797
608.2905158996582,329.95877838134766,112.4225082397461,134.2521209716797
612.6564826965332,325.5928421020508,112.4225082397461,134.2521209716797
614.1118049621582,328.98856353759766,112.4225082397461,134.2521209716797
611.6862678527832,324.6226272583008,112.4225082397461,134.2521209716797
617.992603302002,328.98856353759766,112.4225082397461,134.2521209716797
614.596851348877,325.5928421020508,112.4225082397461,134.2521209716797
616.4888390563427,322.23741840373043,112.4225082397461,134.2521209716797
616.9228062755725,328.54424149138805,112.4225082397461,134.2521209716797
930.3567734948023,438.08447274098063,112.4225082397461,134.2521209716797
nan,nan,nan,nan
nan,nan,nan,nan
nan,nan,nan,nan
nan,nan,nan,nan
nan,nan,nan,nan
nan,nan,nan,nan
nan,nan,nan,nan
nan,nan,nan,nan
nan,nan,nan,nan
nan,nan,nan,nan
nan,nan,nan,nan
nan,nan,nan,nan
nan,nan,nan,nan
nan,nan,nan,nan
nan,nan,nan,nan
nan,nan,nan,nan
nan,nan,nan,nan
nan,nan,nan,nan
nan,nan,nan,nan
nan,nan,nan,nan
nan,nan,nan,nan
nan,nan,nan,nan
nan,nan,nan,nan
nan,nan,nan,nan
nan,nan,nan,nan
nan,nan,nan,nan
nan,nan,nan,nan
nan,nan,nan,nan
nan,nan,nan,nan
nan,nan,nan,nan
nan,nan,nan,nan
nan,nan,nan,nan
nan,nan,nan,nan
nan,nan,nan,nan
nan,nan,nan,nan
nan,nan,nan,nan
nan,nan,nan,nan
nan,nan,nan,nan
nan,nan,nan,nan
nan,nan,nan,nan
nan,nan,nan,nan
nan,nan,nan,nan
nan,nan,nan,nan
nan,nan,nan,nan
nan,nan,nan,nan
nan,nan,nan,nan
nan,nan,nan,nan
nan,nan,nan,nan
nan,nan,nan,nan
nan,nan,nan,nan
nan,nan,nan,nan
nan,nan,nan,nan
nan,nan,nan,nan
nan,nan,nan,nan
nan,nan,nan,nan
nan,nan,nan,nan
nan,nan,nan,nan
nan,nan,nan,nan
nan,nan,nan,nan
nan,nan,nan,nan
nan,nan,nan,nan
nan,nan,nan,nan
nan,nan,nan,nan
nan,nan,nan,nan
nan,nan,nan,nan
nan,nan,nan,nan
nan,nan,nan,nan
nan,nan,nan,nan
nan,nan,nan,nan
nan,nan,nan,nan
nan,nan,nan,nan
nan,nan,nan,nan
nan,nan,nan,nan
nan,nan,nan,nan
nan,nan,nan,nan
nan,nan,nan,nan
nan,nan,nan,nan
nan,nan,nan,nan
nan,nan,nan,nan
nan,nan,nan,nan
nan,nan,nan,nan
nan,nan,nan,nan
nan,nan,nan,nan
nan,nan,nan,nan
nan,nan,nan,nan
nan,nan,nan,nan
nan,nan,nan,nan
nan,nan,nan,nan
nan,nan,nan,nan
nan,nan,nan,nan
nan,nan,nan,nan
nan,nan,nan,nan
nan,nan,nan,nan
nan,nan,nan,nan
nan,nan,nan,nan
nan,nan,nan,nan
nan,nan,nan,nan
nan,nan,nan,nan
nan,nan,nan,nan
nan,nan,nan,nan
nan,nan,nan,nan
nan,nan,nan,nan
nan,nan,nan,nan
nan,nan,nan,nan
nan,nan,nan,nan
nan,nan,nan,nan
nan,nan,nan,nan
nan,nan,nan,nan
nan,nan,nan,nan
nan,nan,nan,nan
nan,nan,nan,nan
nan,nan,nan,nan
nan,nan,nan,nan
nan,nan,nan,nan
nan,nan,nan,nan
nan,nan,nan,nan
nan,nan,nan,nan
nan,nan,nan,nan
nan,nan,nan,nan
nan,nan,nan,nan
272.9992791069474,-18.08137368735798,112.4225082397461,134.2521209716797
1157.7351479838665,394.730968020936,112.4225082397461,134.2521209716797
1149.4883731752636,400.06711642650254,112.4225082397461,134.2521209716797
1145.1224335707093,400.55222082700857,112.4225082397461,134.2521209716797
1141.726702767167,401.0373252275146,112.4225082397461,134.2521209716797
1140.2713895656489,399.58201202599645,112.4225082397461,134.2521209716797
1144.6373291702032,402.9777428295388,112.4225082397461,134.2521209716797
1151.9138951777938,398.6118032249844,112.4225082397461,134.2521209716797
1162.1010875884208,399.0969076254904,112.4225082397461,134.2521209716797
1167.4372359939873,390.8501328168876,112.4225082397461,134.2521209716797
1165.9819227924693,382.6033580082848,112.4225082397461,134.2521209716797
1163.556400789939,373.3863743986699,112.4225082397461,134.2521209716797
1163.071296389433,365.13959959006706,112.4225082397461,134.2521209716797
1170.3478623970236,357.86303358247636,112.4225082397461,134.2521209716797
1175.6840108025901,352.52688517690984,112.4225082397461,134.2521209716797
1178.1095328051204,350.1013631743796,112.4225082397461,134.2521209716797
1175.6840108025901,350.58646757488566,112.4225082397461,134.2521209716797
1179.0797416061325,349.1311543733675,112.4225082397461,134.2521209716797
185.74590027830163,259.9036018538854,112.4225082397461,134.2521209716797
nan,nan,nan,nan
nan,nan,nan,nan
nan,nan,nan,nan
nan,nan,nan,nan
nan,nan,nan,nan
nan,nan,nan,nan
nan,nan,nan,nan
nan,nan,nan,nan
nan,nan,nan,nan
847.7182575504675,363.0467022063722,112.4225082397461,134.2521209716797
1146.0032687747578,306.199647869122,112.4225082397461,134.2521209716797
1134.8458675631186,311.5357962746885,112.4225082397461,134.2521209716797
1128.53951035654,317.8421534812671,112.4225082397461,134.2521209716797
1126.1139883540097,327.05913709088196,112.4225082397461,134.2521209716797
1151.8245215808302,332.3952854964485,112.4225082397461,134.2521209716797
nan,nan,nan,nan
nan,nan,nan,nan
nan,nan,nan,nan
nan,nan,nan,nan
nan,nan,nan,nan
nan,nan,nan,nan
nan,nan,nan,nan
nan,nan,nan,nan
620.0491153066038,297.5410621461328,112.4225082397461,134.2521209716797
1077.901926174363,405.65050552175086,112.4225082397461,134.2521209716797
990.0980296827686,427.48020354452296,112.4225082397461,134.2521209716797
938.1918588286215,450.2801103683072,112.4225082397461,134.2521209716797
911.511116800789,470.1693907890551,112.4225082397461,134.2521209716797
892.5920451810531,476.4757479956337,112.4225082397461,134.2521209716797
912.481325601801,477.93106119715185,112.4225082397461,134.2521209716797
961.4768700529117,480.35658319968206,112.4225082397461,134.2521209716797
1004.6511616979499,482.7821052022123,112.4225082397461,134.2521209716797
1029.3914861237583,476.4757479956337,112.4225082397461,134.2521209716797
1039.5786785343853,468.2289731870309,112.4225082397461,134.2521209716797
1042.9744093379277,444.4588575622346,112.4225082397461,134.2521209716797
1038.6084697333733,430.3908299475592,112.4225082397461,134.2521209716797
1038.1233653328673,420.2036375369322,112.4225082397461,134.2521209716797
1029.8765905242644,411.9568627283294,112.4225082397461,134.2521209716797
1014.838354108577,410.50154952681123,112.4225082397461,134.2521209716797
1002.710744095926,411.9568627283294,112.4225082397461,134.2521209716797
995.4341780883353,404.6802967207387,112.4225082397461,134.2521209716797
994.9490736878292,395.4633131111238,112.4225082397461,134.2521209716797
1004.1660572974442,388.1867471035331,112.4225082397461,134.2521209716797
1026.9659641212284,381.8803898969545,112.4225082397461,134.2521209716797
1062.3785853581699,373.6336150883517,112.4225082397461,134.2521209716797
1074.506195370821,363.4464226777247,112.4225082397461,134.2521209716797
1084.6933877814479,342.5869334559647,112.4225082397461,134.2521209716797
1094.8805801920748,321.7274442342047,112.4225082397461,134.2521209716797
1117.680487015859,310.57004302256564,112.4225082397461,134.2521209716797
1133.6889322325585,303.29347701497494,112.4225082397461,134.2521209716797
1137.084663036101,297.9573286094084,112.4225082397461,134.2521209716797
1139.510185038631,297.4722242089024,112.4225082397461,134.2521209716797
1100.2167285976413,304.7487902164931,112.4225082397461,134.2521209716797
1051.2211841465307,332.39974104533775,112.4225082397461,134.2521209716797
979.9108372721419,387.21653830252103,112.4225082397461,134.2521209716797
942.5577984331762,410.9866539273173,112.4225082397461,134.2521209716797
928.4897708185009,420.2036375369322,112.4225082397461,134.2521209716797
924.1238312139465,425.5397859424987,112.4225082397461,134.2521209716797
952.7449908438032,422.1440551389564,112.4225082397461,134.2521209716797
1029.8765905242647,422.6291595394624,112.4225082397461,134.2521209716797
1053.646706149061,426.02489034300476,112.4225082397461,134.2521209716797
1056.0722281515912,420.68874193743824,112.4225082397461,134.2521209716797
1052.6764973480488,416.32280233288384,112.4225082397461,134.2521209716797
1046.37014014147,412.9270715293415,112.4225082397461,134.2521209716797
1041.0339917359036,415.3525935318717,112.4225082397461,134.2521209716797
1028.9063817232525,411.9568627283294,112.4225082397461,134.2521209716797
1025.51065091971,412.4419671288354,112.4225082397461,134.2521209716797
1026.9659641212281,410.0164451263052,112.4225082397461,134.2521209716797
1060.4381677561453,407.590923123775,112.4225082397461,134.2521209716797
1095.8507889930868,409.04623632529314,112.4225082397461,134.2521209716797
1109.9188166077622,401.76967031770243,112.4225082397461,134.2521209716797
1142.4208114416674,397.40373071314804,112.4225082397461,134.2521209716797
1169.1015534695,391.09737350656945,112.4225082397461,134.2521209716797
nan,nan,nan,nan
nan,nan,nan,nan
nan,nan,nan,nan
nan,nan,nan,nan
nan,nan,nan,nan
nan,nan,nan,nan
nan,nan,nan,nan
nan,nan,nan,nan
nan,nan,nan,nan
nan,nan,nan,nan
nan,nan,nan,nan
nan,nan,nan,nan
nan,nan,nan,nan
nan,nan,nan,nan
nan,nan,nan,nan
nan,nan,nan,nan
nan,nan,nan,nan
nan,nan,nan,nan
nan,nan,nan,nan
nan,nan,nan,nan
nan,nan,nan,nan
nan,nan,nan,nan
nan,nan,nan,nan
nan,nan,nan,nan
nan,nan,nan,nan
nan,nan,nan,nan
nan,nan,nan,nan
nan,nan,nan,nan
nan,nan,nan,nan
nan,nan,nan,nan
nan,nan,nan,nan
nan,nan,nan,nan
nan,nan,nan,nan
nan,nan,nan,nan
nan,nan,nan,nan
nan,nan,nan,nan
nan,nan,nan,nan
nan,nan,nan,nan
nan,nan,nan,nan
nan,nan,nan,nan
nan,nan,nan,nan
nan,nan,nan,nan
nan,nan,nan,nan
nan,nan,nan,nan
nan,nan,nan,nan
nan,nan,nan,nan
nan,nan,nan,nan
586.0322389336344,353.21526475282474,112.4225082397461,134.2521209716797
1166.088652703911,426.03380144078335,112.4225082397461,134.2521209716797
1163.6631307013809,430.39974104533775,112.4225082397461,134.2521209716797
1175.790740714032,433.7954718488801,112.4225082397461,134.2521209716797
nan,nan,nan,nan
nan,nan,nan,nan
nan,nan,nan,nan
nan,nan,nan,nan
nan,nan,nan,nan
nan,nan,nan,nan
nan,nan,nan,nan
nan,nan,nan,nan
nan,nan,nan,nan
nan,nan,nan,nan
nan,nan,nan,nan
nan,nan,nan,nan
nan,nan,nan,nan
nan,nan,nan,nan
nan,nan,nan,nan
nan,nan,nan,nan
nan,nan,nan,nan
nan,nan,nan,nan
nan,nan,nan,nan
nan,nan,nan,nan
nan,nan,nan,nan
nan,nan,nan,nan
nan,nan,nan,nan
nan,nan,nan,nan
nan,nan,nan,nan
nan,nan,nan,nan
nan,nan,nan,nan
nan,nan,nan,nan
nan,nan,nan,nan
nan,nan,nan,nan
nan,nan,nan,nan
nan,nan,nan,nan
664.8930150765847,-85.8301433298659,112.4225082397461,134.2521209716797
917.1482351018869,408.3525935318718,112.4225082397461,134.2521209716797
807.0295361870143,467.0502259931035,112.4225082397461,134.2521209716797
708.5533428842868,523.807440852311,112.4225082397461,134.2521209716797
656.6471720301398,554.3690180841919,112.4225082397461,134.2521209716797
650.3408148235612,574.2582985049398,112.4225082397461,134.2521209716797
677.9917656524059,580.5646557115184,112.4225082397461,134.2521209716797
745.4212773227464,585.9008041170849,112.4225082397461,134.2521209716797
843.8974706254739,546.6073476760952,112.4225082397461,134.2521209716797
821.0975638016897,555.8243312857101,112.4225082397461,134.2521209716797
1053.9087631349457,419.1191977589298,112.4225082397461,134.2521209716797
1140.054871837113,374.1698566701341,112.4225082397461,134.2521209716797
nan,nan,nan,nan
nan,nan,nan,nan
nan,nan,nan,nan
nan,nan,nan,nan
nan,nan,nan,nan
817.8116208152414,333.0884624087909,112.4225082397461,134.2521209716797
1089.084663036101,268.69319748632756,112.4225082397461,134.2521209716797
1089.569767436607,270.1485106878457,112.4225082397461,134.2521209716797
1098.786751046222,271.60382388936387,112.4225082397461,134.2521209716797
nan,nan,nan,nan
nan,nan,nan,nan
nan,nan,nan,nan
nan,nan,nan,nan
nan,nan,nan,nan
nan,nan,nan,nan
nan,nan,nan,nan
nan,nan,nan,nan
nan,nan,nan,nan
nan,nan,nan,nan
nan,nan,nan,nan
nan,nan,nan,nan
nan,nan,nan,nan
nan,nan,nan,nan
nan,nan,nan,nan
nan,nan,nan,nan
nan,nan,nan,nan
nan,nan,nan,nan
nan,nan,nan,nan
1160.6687286253082,177.62868126939057,112.4225082397461,134.2521209716797
662.5693015555279,334.98711980839636,112.4225082397461,134.2521209716797
668.8756587621065,342.26368581598706,112.4225082397461,134.2521209716797
672.2713895656487,348.57004302256564,112.4225082397461,134.2521209716797
677.6782469636108,355.1447990019109,110.02506256103516,131.38916015625
682.900600397155,348.0234079561688,110.02506256103516,131.38916015625
688.1229538306992,323.8106784006457,110.02506256103516,131.38916015625
692.3957884581445,302.44650526341945,110.02506256103516,131.38916015625
697.6181418916887,294.37559541157844,110.02506256103516,131.38916015625
703.8248923008558,292.57335463939177,107.67874908447266,128.58724975585938
708.9358774744317,294.89652971828986,107.67874908447266,128.58724975585938
715.905950155886,299.4024950629537,105.3824691772461,125.8450927734375
714.5417705535325,302.5855808017784,105.3824691772461,125.8450927734375
717.8568809565664,306.99545790020557,103.1351547241211,123.16140747070312
721.9591819432759,309.59551455913015,100.9357681274414,120.53495788574219
724.1368767872605,312.6442873407085,100.9357681274414,120.53495788574219
712.3773246297441,313.0798263095054,100.9357681274414,120.53495788574219
703.2310062850091,318.74183290386514,100.9357681274414,120.53495788574219
700.1822335034308,321.7906056854435,100.9357681274414,120.53495788574219
704.1020842226029,318.74183290386514,100.9357681274414,120.53495788574219
708.8930128793688,322.6616836230373,100.9357681274414,120.53495788574219
712.812863598541,324.8393784670218,100.9357681274414,120.53495788574219
716.7327143177131,325.2749174358187,100.9357681274414,120.53495788574219
720.6525650368852,326.5815343422094,100.9357681274414,120.53495788574219
726.3145716312449,328.7592291861939,100.9357681274414,120.53495788574219
731.1055002880108,329.1947681549908,100.9357681274414,120.53495788574219
738.5096627575582,334.85677474935056,100.9357681274414,120.53495788574219
743.3005914143241,338.7766254685227,100.9357681274414,120.53495788574219
748.09152007109,347.9229438132577,100.9357681274414,120.53495788574219
741.5584355391364,357.94034009558646,100.9357681274414,120.53495788574219
732.4121171944015,365.34450256513384,100.9357681274414,120.53495788574219
724.1368767872603,366.65111947152457,100.9357681274414,120.53495788574219
706.2797790665873,367.08665844032146,100.9357681274414,120.53495788574219
690.1648372211018,368.3932753467122,100.9357681274414,120.53495788574219
674.9209733132102,362.73126875235243,100.9357681274414,120.53495788574219
666.645732906069,361.4246518459617,100.9357681274414,120.53495788574219
660.1126483741155,354.02048937641433,100.9357681274414,120.53495788574219
652.7084859045681,334.4212357805537,100.9357681274414,120.53495788574219
651.4018689981774,324.4038394982249,100.9357681274414,120.53495788574219
650.9663300293805,315.2575211534899,100.9357681274414,120.53495788574219
648.788635185396,309.59551455913015,100.9357681274414,120.53495788574219
650.9663300293805,311.77320940311466,100.9357681274414,120.53495788574219
649.6597131229898,307.85335868394253,100.9357681274414,120.53495788574219
647.4820182790053,308.2888976527394,100.9357681274414,120.53495788574219
645.3043234350207,309.59551455913015,100.9357681274414,120.53495788574219
641.3844727158486,310.9021314655209,100.9357681274414,120.53495788574219
635.7224661214889,313.0798263095054,100.9357681274414,120.53495788574219
633.5447712775043,312.6442873407085,100.9357681274414,120.53495788574219
632.2381543711136,316.56413805988063,100.9357681274414,120.53495788574219
631.8026154023167,317.87075496627136,100.9357681274414,120.53495788574219
633.9803102463013,318.30629393506825,100.9357681274414,120.53495788574219
632.6736933399106,320.48398877905277,100.9357681274414,120.53495788574219
631.36707643352,322.6616836230373,100.9357681274414,120.53495788574219
633.5447712775045,324.8393784670218,100.9357681274414,120.53495788574219
633.361622027763,329.0631757418906,98.78328704833984,117.96451568603516
638.934200731802,334.84027562512875,96.67670440673828,115.44889068603516
636.0140734602303,338.5947249742923,96.67670440673828,115.44889068603516
639.0553184883308,344.2486285563772,94.61504364013672,112.98690795898438
636.1974638103818,345.4734234183553,94.61504364013672,112.98690795898438
641.534902376637,348.6457039822515,92.59735107421875,110.57743072509766
643.5326952810242,350.64349688663873,92.59735107421875,110.57743072509766
308.08434839541377,414.36140427660257,92.59735107421875,110.57743072509766
nan,nan,nan,nan
nan,nan,nan,nan
nan,nan,nan,nan
nan,nan,nan,nan
nan,nan,nan,nan
5.34364026030628,103.7843372452042,92.59735107421875,110.57743072509766
719.3950980357548,364.75950323130746,94.64606475830078,113.02395629882812
714.9027110764819,358.6335210141171,94.64606475830078,113.02395629882812
720.2118956647136,361.4923127154726,94.64606475830078,113.02395629882812
722.2538897371104,356.18312812724093,94.64606475830078,113.02395629882812
717.7615027778374,351.690741167968,94.64606475830078,113.02395629882812
720.6202944791929,346.3815565797363,94.64606475830078,113.02395629882812
714.4943122620025,340.25557436254593,94.64606475830078,113.02395629882812
707.5515324158533,343.11436606390146,94.64606475830078,113.02395629882812
691.6239786511583,345.973157765257,94.64606475830078,113.02395629882812
673.2460319995871,343.11436606390146,94.64606475830078,113.02395629882812
651.6008948321811,345.973157765257,94.64606475830078,113.02395629882812
642.2077220991558,347.19835420869504,94.64606475830078,113.02395629882812
636.0817398819654,350.87394353900925,94.64606475830078,113.02395629882812
632.4061505516512,352.91593761140604,94.64606475830078,113.02395629882812
633.6313469950893,351.690741167968,94.64606475830078,113.02395629882812
630.7725552937338,351.2823423534886,94.64606475830078,113.02395629882812
632.8145493661307,350.87394353900925,94.64606475830078,113.02395629882812
634.8565434385275,348.83194946661246,94.64606475830078,113.02395629882812
651.6008948321812,346.78995539421567,94.64606475830078,113.02395629882812
669.9788414837524,343.11436606390146,94.64606475830078,113.02395629882812
672.8376331851078,336.17158621775235,94.64606475830078,113.02395629882812
nan,nan,nan,nan
nan,nan,nan,nan
1175.308544216813,457.2278222568559,94.64606475830078,113.02395629882812
689.0270810711299,329.9467023915107,92.6277084350586,110.61368560791016
692.62428735187,324.7507377637751,92.6277084350586,110.61368560791016
688.2277018976321,323.5516690035284,92.6277084350586,110.61368560791016
681.895741008867,326.6573196094071,90.65239715576172,108.25481414794922
672.1165888607909,326.2661535234841,90.65239715576172,108.25481414794922
663.9021010564069,328.2219839530993,90.65239715576172,108.25481414794922
659.5992741112534,327.04848569533016,90.65239715576172,108.25481414794922
655.2964471660999,330.56898046863756,90.65239715576172,108.25481414794922
654.9052810801769,332.5248108982528,90.65239715576172,108.25481414794922
657.6434436816382,332.9159769841758,90.65239715576172,108.25481414794922
654.9052810801769,330.9601465545606,90.65239715576172,108.25481414794922
656.8611115097922,333.69830915602193,90.65239715576172,108.25481414794922
656.4699454238691,333.3071430700989,90.65239715576172,108.25481414794922
658.4257758534844,335.2629734997141,90.65239715576172,108.25481414794922
654.905281080177,336.4364717574833,90.65239715576172,108.25481414794922
654.514114994254,335.2629734997141,90.65239715576172,108.25481414794922
648.6466237054083,334.8718074137911,90.65239715576172,108.25481414794922
641.9968002447165,338.3923021870985,90.65239715576172,108.25481414794922
627.5236550655638,336.4364717574833,90.65239715576172,108.25481414794922
620.8738316048721,338.3923021870985,90.65239715576172,108.25481414794922
615.0063403160264,338.00113610117546,90.65239715576172,108.25481414794922
612.268177714565,339.1746343589446,90.65239715576172,108.25481414794922
611.0946794567959,342.695129132252,90.65239715576172,108.25481414794922
608.3565168553346,343.08629521817505,90.65239715576172,108.25481414794922
610.3123472849499,345.0421256477903,90.65239715576172,108.25481414794922
606.7918525116424,346.9979560774055,90.65239715576172,108.25481414794922
604.0536899101811,345.0421256477903,90.65239715576172,108.25481414794922
606.7918525116424,348.5626204210977,90.65239715576172,108.25481414794922
601.7066933946428,351.300783022559,90.65239715576172,108.25481414794922
597.4038664494893,350.12728476478986,90.65239715576172,108.25481414794922
598.5773647072584,352.8654473662512,90.65239715576172,108.25481414794922
594.274537762105,354.03894562402036,90.65239715576172,108.25481414794922
590.7540429887976,351.300783022559,90.65239715576172,108.25481414794922
589.5805447310285,354.8212777958664,90.65239715576172,108.25481414794922
588.4070464732594,355.21244388178945,90.65239715576172,108.25481414794922
586.4512160436441,355.6036099677125,90.65239715576172,108.25481414794922
586.060049957721,354.43011170994333,90.65239715576172,108.25481414794922
582.5395551844136,357.95060648325074,90.65239715576172,108.25481414794922
583.7130534421827,357.5594403973277,90.65239715576172,108.25481414794922
584.1042195281058,356.38594213955855,90.65239715576172,108.25481414794922
579.8013925829523,357.5594403973277,90.65239715576172,108.25481414794922
580.9748908407214,357.95060648325074,90.65239715576172,108.25481414794922
579.0190604111061,355.2124438817894,90.65239715576172,108.25481414794922
582.5395551844135,356.38594213955855,90.65239715576172,108.25481414794922
580.5837247547983,355.9947760536355,90.65239715576172,108.25481414794922
577.8455621533369,353.2566134521742,90.65239715576172,108.25481414794922
573.5427352081834,355.9947760536355,90.65239715576172,108.25481414794922
573.1515691222604,354.82127779586637,90.65239715576172,108.25481414794922
574.3250673800295,357.5594403973277,90.65239715576172,108.25481414794922
572.3692369504142,355.6036099677125,90.65239715576172,108.25481414794922
572.7604030363373,354.43011170994333,90.65239715576172,108.25481414794922
573.1515691222603,352.4742812803281,90.65239715576172,108.25481414794922
571.195738692645,354.43011170994333,90.65239715576172,108.25481414794922
573.1515691222603,353.2566134521742,90.65239715576172,108.25481414794922
569.6310743489529,355.2124438817894,90.65239715576172,108.25481414794922
576.2808978096447,355.60360996771243,90.65239715576172,108.25481414794922
580.5837247547981,355.99477605363546,90.65239715576172,108.25481414794922
595.839202105797,354.03894562402024,90.65239715576172,108.25481414794922
602.4890255664887,352.8654473662511,90.65239715576172,108.25481414794922
607.5741846834884,356.3859421395585,90.65239715576172,108.25481414794922
612.659343800488,352.8654473662511,90.65239715576172,108.25481414794922
611.485845542719,356.3859421395585,90.65239715576172,108.25481414794922
610.3123472849499,352.08311519440497,90.65239715576172,108.25481414794922
609.1388490271808,350.12728476478975,90.65239715576172,108.25481414794922
860.9453962345766,234.84958157915082,90.65239715576172,108.25481414794922
nan,nan,nan,nan
nan,nan,nan,nan
nan,nan,nan,nan
985.5530643415545,492.6802217566543,90.65239715576172,108.25481414794922
579.2052508974241,353.35386354580015,90.65239715576172,108.25481414794922
575.6847561241167,349.83336877249275,90.65239715576172,108.25481414794922
583.1169117566545,353.35386354580015,90.65239715576172,108.25481414794922
596.8077247639611,349.83336877249275,90.65239715576172,108.25481414794922
612.845534286806,354.91852788949234,90.65239715576172,108.25481414794922
617.1483612319595,353.7450296317232,90.65239715576172,108.25481414794922
615.9748629741904,353.35386354580015,90.65239715576172,108.25481414794922
613.236700372729,350.6157009443388,90.65239715576172,108.25481414794922
615.1925308023443,354.1361957176462,90.65239715576172,108.25481414794922
618.7130255756517,352.180365288031,90.65239715576172,108.25481414794922
617.5395273178826,354.91852788949234,90.65239715576172,108.25481414794922
628.1010116378048,357.6566904909537,90.65239715576172,108.25481414794922
633.1861707548045,361.1771852642611,90.65239715576172,108.25481414794922
nan,nan,nan,nan
nan,nan,nan,nan
nan,nan,nan,nan
nan,nan,nan,nan
1193.5586074605023,519.8301887487228,90.65239715576172,108.25481414794922
nan,nan,nan,nan
nan,nan,nan,nan
nan,nan,nan,nan
689.6151463635724,589.1581051216414,90.65239715576172,108.25481414794922
nan,nan,nan,nan
nan,nan,nan,nan
nan,nan,nan,nan
nan,nan,nan,nan
nan,nan,nan,nan
nan,nan,nan,nan
nan,nan,nan,nan
nan,nan,nan,nan
nan,nan,nan,nan
nan,nan,nan,nan
nan,nan,nan,nan
nan,nan,nan,nan
nan,nan,nan,nan
nan,nan,nan,nan
nan,nan,nan,nan
nan,nan,nan,nan
nan,nan,nan,nan
nan,nan,nan,nan
nan,nan,nan,nan
nan,nan,nan,nan
nan,nan,nan,nan
nan,nan,nan,nan
nan,nan,nan,nan
nan,nan,nan,nan
nan,nan,nan,nan
nan,nan,nan,nan
nan,nan,nan,nan
nan,nan,nan,nan
nan,nan,nan,nan
nan,nan,nan,nan
nan,nan,nan,nan
nan,nan,nan,nan
nan,nan,nan,nan
nan,nan,nan,nan
nan,nan,nan,nan
nan,nan,nan,nan
nan,nan,nan,nan
nan,nan,nan,nan
nan,nan,nan,nan
nan,nan,nan,nan
nan,nan,nan,nan
nan,nan,nan,nan
nan,nan,nan,nan
nan,nan,nan,nan
nan,nan,nan,nan
nan,nan,nan,nan
nan,nan,nan,nan
nan,nan,nan,nan
nan,nan,nan,nan
nan,nan,nan,nan
nan,nan,nan,nan
nan,nan,nan,nan
nan,nan,nan,nan
nan,nan,nan,nan
nan,nan,nan,nan
nan,nan,nan,nan
nan,nan,nan,nan
93.3886247590631,536.9604859592012,90.65239715576172,108.25481414794922
563.679627886614,375.3795714625703,88.71920776367188,105.94625091552734
567.1250470484906,373.46544970597216,88.71920776367188,105.94625091552734
569.1779891002315,372.0122037947161,86.8272476196289,103.68692016601562
565.8060445397587,376.13346936862723,86.8272476196289,103.68692016601562
571.4259521405467,372.7615248081545,86.8272476196289,103.68692016601562
576.2965387278962,370.1389012611201,86.8272476196289,103.68692016601562
593.4726819119711,369.4388840191775,84.97563171386719,101.47576904296875
609.9728660473447,369.8055547777414,84.97563171386719,101.47576904296875
628.6730747341015,367.9722009849221,84.97563171386719,101.47576904296875
655.4400401092632,369.0722132606137,84.97563171386719,101.47576904296875
nan,nan,nan,nan
nan,nan,nan,nan
nan,nan,nan,nan
nan,nan,nan,nan
nan,nan,nan,nan
nan,nan,nan,nan
nan,nan,nan,nan
nan,nan,nan,nan
1198.4663504198697,268.16768669651066,84.97563171386719,101.47576904296875
703.979296826527,377.5289580967616,84.97563171386719,101.47576904296875
699.9459184823246,379.3623118895809,84.97563171386719,101.47576904296875
983.446225374614,63.795125551970756,84.97563171386719,101.47576904296875
nan,nan,nan,nan
nan,nan,nan,nan
nan,nan,nan,nan
nan,nan,nan,nan
nan,nan,nan,nan
nan,nan,nan,nan
nan,nan,nan,nan
nan,nan,nan,nan
nan,nan,nan,nan
nan,nan,nan,nan
nan,nan,nan,nan
nan,nan,nan,nan
nan,nan,nan,nan
nan,nan,nan,nan
nan,nan,nan,nan
nan,nan,nan,nan
nan,nan,nan,nan
nan,nan,nan,nan
583.5474652194632,358.42833203649116,84.97563171386719,101.47576904296875
579.8591033319894,364.104761550918,83.16349792480469,99.311767578125
575.1940352074612,368.05212688705734,83.16349792480469,99.311767578125
nan,nan,nan,nan
nan,nan,nan,nan
nan,nan,nan,nan
nan,nan,nan,nan
nan,nan,nan,nan
nan,nan,nan,nan
nan,nan,nan,nan
nan,nan,nan,nan
nan,nan,nan,nan
nan,nan,nan,nan
nan,nan,nan,nan
nan,nan,nan,nan
nan,nan,nan,nan
nan,nan,nan,nan
nan,nan,nan,nan
nan,nan,nan,nan
nan,nan,nan,nan
nan,nan,nan,nan
nan,nan,nan,nan
nan,nan,nan,nan
nan,nan,nan,nan
nan,nan,nan,nan
nan,nan,nan,nan
nan,nan,nan,nan
nan,nan,nan,nan
nan,nan,nan,nan
nan,nan,nan,nan
nan,nan,nan,nan
nan,nan,nan,nan
nan,nan,nan,nan
nan,nan,nan,nan
nan,nan,nan,nan
nan,nan,nan,nan
nan,nan,nan,nan
nan,nan,nan,nan
nan,nan,nan,nan
nan,nan,nan,nan
nan,nan,nan,nan
nan,nan,nan,nan
nan,nan,nan,nan
nan,nan,nan,nan
nan,nan,nan,nan
nan,nan,nan,nan
nan,nan,nan,nan
nan,nan,nan,nan
nan,nan,nan,nan
nan,nan,nan,nan
nan,nan,nan,nan
nan,nan,nan,nan
nan,nan,nan,nan
nan,nan,nan,nan
nan,nan,nan,nan
nan,nan,nan,nan
nan,nan,nan,nan
nan,nan,nan,nan
nan,nan,nan,nan
nan,nan,nan,nan
nan,nan,nan,nan
nan,nan,nan,nan
nan,nan,nan,nan
nan,nan,nan,nan
nan,nan,nan,nan
nan,nan,nan,nan
nan,nan,nan,nan
nan,nan,nan,nan
nan,nan,nan,nan
nan,nan,nan,nan
nan,nan,nan,nan
nan,nan,nan,nan
nan,nan,nan,nan
nan,nan,nan,nan
nan,nan,nan,nan
nan,nan,nan,nan
nan,nan,nan,nan
nan,nan,nan,nan
nan,nan,nan,nan
nan,nan,nan,nan
nan,nan,nan,nan
nan,nan,nan,nan
560.6536098570498,224.83485838743604,83.16349792480469,99.311767578125
657.4165262662826,355.37389101161415,81.3900146484375,97.19391632080078
471.9685835463756,408.52224733982763,81.3900146484375,97.19391632080078
nan,nan,nan,nan
nan,nan,nan,nan
nan,nan,nan,nan
nan,nan,nan,nan
nan,nan,nan,nan
nan,nan,nan,nan
nan,nan,nan,nan
nan,nan,nan,nan
nan,nan,nan,nan
nan,nan,nan,nan
nan,nan,nan,nan
nan,nan,nan,nan
nan,nan,nan,nan
nan,nan,nan,nan
nan,nan,nan,nan
nan,nan,nan,nan
nan,nan,nan,nan
nan,nan,nan,nan
nan,nan,nan,nan
nan,nan,nan,nan
nan,nan,nan,nan
nan,nan,nan,nan
nan,nan,nan,nan
nan,nan,nan,nan
nan,nan,nan,nan
nan,nan,nan,nan
nan,nan,nan,nan
nan,nan,nan,nan
nan,nan,nan,nan
nan,nan,nan,nan
nan,nan,nan,nan
nan,nan,nan,nan
nan,nan,nan,nan
nan,nan,nan,nan
nan,nan,nan,nan
nan,nan,nan,nan
nan,nan,nan,nan
nan,nan,nan,nan
nan,nan,nan,nan
nan,nan,nan,nan
nan,nan,nan,nan
nan,nan,nan,nan
nan,nan,nan,nan
nan,nan,nan,nan
nan,nan,nan,nan
nan,nan,nan,nan
nan,nan,nan,nan
nan,nan,nan,nan
nan,nan,nan,nan
nan,nan,nan,nan
343.5130353713881,355.0990967339513,81.3900146484375,97.19391632080078
632.9657816969109,348.9693235117749,81.3900146484375,97.19391632080078
633.3169804770364,352.1301125329046,81.3900146484375,97.19391632080078
635.775371937915,353.18370887328115,81.3900146484375,97.19391632080078
nan,nan,nan,nan
nan,nan,nan,nan
nan,nan,nan,nan
nan,nan,nan,nan
nan,nan,nan,nan
nan,nan,nan,nan
nan,nan,nan,nan
nan,nan,nan,nan
nan,nan,nan,nan
nan,nan,nan,nan
nan,nan,nan,nan
nan,nan,nan,nan
nan,nan,nan,nan
nan,nan,nan,nan
nan,nan,nan,nan
nan,nan,nan,nan
nan,nan,nan,nan
nan,nan,nan,nan
nan,nan,nan,nan
nan,nan,nan,nan
nan,nan,nan,nan
nan,nan,nan,nan
nan,nan,nan,nan
nan,nan,nan,nan
nan,nan,nan,nan
nan,nan,nan,nan
nan,nan,nan,nan
nan,nan,nan,nan
nan,nan,nan,nan
nan,nan,nan,nan
nan,nan,nan,nan
nan,nan,nan,nan
nan,nan,nan,nan
nan,nan,nan,nan
nan,nan,nan,nan
nan,nan,nan,nan
nan,nan,nan,nan
nan,nan,nan,nan
nan,nan,nan,nan
nan,nan,nan,nan
nan,nan,nan,nan
nan,nan,nan,nan
nan,nan,nan,nan
nan,nan,nan,nan
nan,nan,nan,nan
nan,nan,nan,nan
nan,nan,nan,nan
nan,nan,nan,nan
nan,nan,nan,nan
nan,nan,nan,nan
nan,nan,nan,nan
nan,nan,nan,nan
nan,nan,nan,nan
nan,nan,nan,nan
nan,nan,nan,nan
nan,nan,nan,nan
nan,nan,nan,nan
nan,nan,nan,nan
nan,nan,nan,nan
nan,nan,nan,nan
nan,nan,nan,nan
nan,nan,nan,nan
nan,nan,nan,nan
nan,nan,nan,nan
nan,nan,nan,nan
nan,nan,nan,nan
nan,nan,nan,nan
nan,nan,nan,nan
nan,nan,nan,nan
nan,nan,nan,nan
nan,nan,nan,nan
nan,nan,nan,nan
nan,nan,nan,nan
nan,nan,nan,nan
nan,nan,nan,nan
nan,nan,nan,nan
nan,nan,nan,nan
nan,nan,nan,nan
nan,nan,nan,nan
nan,nan,nan,nan
nan,nan,nan,nan
nan,nan,nan,nan
nan,nan,nan,nan
nan,nan,nan,nan
nan,nan,nan,nan
nan,nan,nan,nan
nan,nan,nan,nan
nan,nan,nan,nan
nan,nan,nan,nan
nan,nan,nan,nan
nan,nan,nan,nan
nan,nan,nan,nan
nan,nan,nan,nan
nan,nan,nan,nan
nan,nan,nan,nan
nan,nan,nan,nan
nan,nan,nan,nan
nan,nan,nan,nan
nan,nan,nan,nan
nan,nan,nan,nan
nan,nan,nan,nan
nan,nan,nan,nan
nan,nan,nan,nan
nan,nan,nan,nan
nan,nan,nan,nan
nan,nan,nan,nan
nan,nan,nan,nan
nan,nan,nan,nan
nan,nan,nan,nan
nan,nan,nan,nan
nan,nan,nan,nan
nan,nan,nan,nan
nan,nan,nan,nan
nan,nan,nan,nan
nan,nan,nan,nan
nan,nan,nan,nan
nan,nan,nan,nan
nan,nan,nan,nan
nan,nan,nan,nan
nan,nan,nan,nan
nan,nan,nan,nan
nan,nan,nan,nan
nan,nan,nan,nan
nan,nan,nan,nan
nan,nan,nan,nan
nan,nan,nan,nan
nan,nan,nan,nan
nan,nan,nan,nan
nan,nan,nan,nan
nan,nan,nan,nan
nan,nan,nan,nan
nan,nan,nan,nan
nan,nan,nan,nan
nan,nan,nan,nan
nan,nan,nan,nan
nan,nan,nan,nan
nan,nan,nan,nan
nan,nan,nan,nan
nan,nan,nan,nan
nan,nan,nan,nan
nan,nan,nan,nan
nan,nan,nan,nan
nan,nan,nan,nan
nan,nan,nan,nan
nan,nan,nan,nan
nan,nan,nan,nan
nan,nan,nan,nan
nan,nan,nan,nan
nan,nan,nan,nan
nan,nan,nan,nan
nan,nan,nan,nan
nan,nan,nan,nan
nan,nan,nan,nan
nan,nan,nan,nan
nan,nan,nan,nan
nan,nan,nan,nan
nan,nan,nan,nan
nan,nan,nan,nan
nan,nan,nan,nan
nan,nan,nan,nan
nan,nan,nan,nan
nan,nan,nan,nan
nan,nan,nan,nan
nan,nan,nan,nan
nan,nan,nan,nan
nan,nan,nan,nan
nan,nan,nan,nan
nan,nan,nan,nan
nan,nan,nan,nan
nan,nan,nan,nan
nan,nan,nan,nan
nan,nan,nan,nan
nan,nan,nan,nan
nan,nan,nan,nan
nan,nan,nan,nan
nan,nan,nan,nan
nan,nan,nan,nan
nan,nan,nan,nan
nan,nan,nan,nan
nan,nan,nan,nan
nan,nan,nan,nan
nan,nan,nan,nan
nan,nan,nan,nan
nan,nan,nan,nan
nan,nan,nan,nan
nan,nan,nan,nan
nan,nan,nan,nan
nan,nan,nan,nan
nan,nan,nan,nan
nan,nan,nan,nan
nan,nan,nan,nan
nan,nan,nan,nan
nan,nan,nan,nan
nan,nan,nan,nan
nan,nan,nan,nan
nan,nan,nan,nan
nan,nan,nan,nan
nan,nan,nan,nan
nan,nan,nan,nan
nan,nan,nan,nan
nan,nan,nan,nan
nan,nan,nan,nan
nan,nan,nan,nan
nan,nan,nan,nan
nan,nan,nan,nan
nan,nan,nan,nan
nan,nan,nan,nan
nan,nan,nan,nan
nan,nan,nan,nan
nan,nan,nan,nan
nan,nan,nan,nan
nan,nan,nan,nan
nan,nan,nan,nan
nan,nan,nan,nan
nan,nan,nan,nan
nan,nan,nan,nan
nan,nan,nan,nan
nan,nan,nan,nan
nan,nan,nan,nan
nan,nan,nan,nan
nan,nan,nan,nan
nan,nan,nan,nan
nan,nan,nan,nan
nan,nan,nan,nan
nan,nan,nan,nan
nan,nan,nan,nan
nan,nan,nan,nan
nan,nan,nan,nan
nan,nan,nan,nan
nan,nan,nan,nan
nan,nan,nan,nan
nan,nan,nan,nan
nan,nan,nan,nan
nan,nan,nan,nan
nan,nan,nan,nan
nan,nan,nan,nan
nan,nan,nan,nan
nan,nan,nan,nan
nan,nan,nan,nan
nan,nan,nan,nan
nan,nan,nan,nan
nan,nan,nan,nan
nan,nan,nan,nan
nan,nan,nan,nan
nan,nan,nan,nan
nan,nan,nan,nan
nan,nan,nan,nan
nan,nan,nan,nan
nan,nan,nan,nan
nan,nan,nan,nan
nan,nan,nan,nan
nan,nan,nan,nan
nan,nan,nan,nan
nan,nan,nan,nan
nan,nan,nan,nan
nan,nan,nan,nan
nan,nan,nan,nan
nan,nan,nan,nan
nan,nan,nan,nan
nan,nan,nan,nan
nan,nan,nan,nan
nan,nan,nan,nan
nan,nan,nan,nan
nan,nan,nan,nan
nan,nan,nan,nan
nan,nan,nan,nan
nan,nan,nan,nan
nan,nan,nan,nan
nan,nan,nan,nan
nan,nan,nan,nan
nan,nan,nan,nan
nan,nan,nan,nan
nan,nan,nan,nan
nan,nan,nan,nan
nan,nan,nan,nan
nan,nan,nan,nan
nan,nan,nan,nan
nan,nan,nan,nan
nan,nan,nan,nan
nan,nan,nan,nan
nan,nan,nan,nan
nan,nan,nan,nan
nan,nan,nan,nan
nan,nan,nan,nan
nan,nan,nan,nan
nan,nan,nan,nan
nan,nan,nan,nan
nan,nan,nan,nan
nan,nan,nan,nan
nan,nan,nan,nan
nan,nan,nan,nan
nan,nan,nan,nan
nan,nan,nan,nan
nan,nan,nan,nan
nan,nan,nan,nan
nan,nan,nan,nan
nan,nan,nan,nan
nan,nan,nan,nan
nan,nan,nan,nan
nan,nan,nan,nan
nan,nan,nan,nan
nan,nan,nan,nan
nan,nan,nan,nan
nan,nan,nan,nan
nan,nan,nan,nan
nan,nan,nan,nan
nan,nan,nan,nan
nan,nan,nan,nan
nan,nan,nan,nan
nan,nan,nan,nan
nan,nan,nan,nan
nan,nan,nan,nan
nan,nan,nan,nan
nan,nan,nan,nan
nan,nan,nan,nan
nan,nan,nan,nan
nan,nan,nan,nan
nan,nan,nan,nan
nan,nan,nan,nan
nan,nan,nan,nan
nan,nan,nan,nan
nan,nan,nan,nan
nan,nan,nan,nan
nan,nan,nan,nan
nan,nan,nan,nan
nan,nan,nan,nan
nan,nan,nan,nan
nan,nan,nan,nan
nan,nan,nan,nan
nan,nan,nan,nan
nan,nan,nan,nan
nan,nan,nan,nan
nan,nan,nan,nan
nan,nan,nan,nan
nan,nan,nan,nan
nan,nan,nan,nan
nan,nan,nan,nan
nan,nan,nan,nan
nan,nan,nan,nan
nan,nan,nan,nan
nan,nan,nan,nan
nan,nan,nan,nan
nan,nan,nan,nan
nan,nan,nan,nan
nan,nan,nan,nan
nan,nan,nan,nan
nan,nan,nan,nan
nan,nan,nan,nan
nan,nan,nan,nan
nan,nan,nan,nan
nan,nan,nan,nan
nan,nan,nan,nan
nan,nan,nan,nan
nan,nan,nan,nan
nan,nan,nan,nan
nan,nan,nan,nan
nan,nan,nan,nan
nan,nan,nan,nan
nan,nan,nan,nan
nan,nan,nan,nan
nan,nan,nan,nan
nan,nan,nan,nan
nan,nan,nan,nan
nan,nan,nan,nan
nan,nan,nan,nan
nan,nan,nan,nan
nan,nan,nan,nan
nan,nan,nan,nan
nan,nan,nan,nan
nan,nan,nan,nan
nan,nan,nan,nan
nan,nan,nan,nan
nan,nan,nan,nan
nan,nan,nan,nan
nan,nan,nan,nan
nan,nan,nan,nan
nan,nan,nan,nan
nan,nan,nan,nan
nan,nan,nan,nan
nan,nan,nan,nan
nan,nan,nan,nan
nan,nan,nan,nan
nan,nan,nan,nan
nan,nan,nan,nan
nan,nan,nan,nan
nan,nan,nan,nan
nan,nan,nan,nan
nan,nan,nan,nan
nan,nan,nan,nan
nan,nan,nan,nan
nan,nan,nan,nan
nan,nan,nan,nan
nan,nan,nan,nan
nan,nan,nan,nan
nan,nan,nan,nan
nan,nan,nan,nan
nan,nan,nan,nan
nan,nan,nan,nan
nan,nan,nan,nan
nan,nan,nan,nan
nan,nan,nan,nan
nan,nan,nan,nan
nan,nan,nan,nan
nan,nan,nan,nan
nan,nan,nan,nan
nan,nan,nan,nan
nan,nan,nan,nan
nan,nan,nan,nan
nan,nan,nan,nan
nan,nan,nan,nan
nan,nan,nan,nan
nan,nan,nan,nan
nan,nan,nan,nan
nan,nan,nan,nan
nan,nan,nan,nan
nan,nan,nan,nan
nan,nan,nan,nan
nan,nan,nan,nan
nan,nan,nan,nan
nan,nan,nan,nan
nan,nan,nan,nan
nan,nan,nan,nan
nan,nan,nan,nan
nan,nan,nan,nan
nan,nan,nan,nan
nan,nan,nan,nan
nan,nan,nan,nan
nan,nan,nan,nan
nan,nan,nan,nan
nan,nan,nan,nan
nan,nan,nan,nan
nan,nan,nan,nan
nan,nan,nan,nan
nan,nan,nan,nan
nan,nan,nan,nan
nan,nan,nan,nan
nan,nan,nan,nan
nan,nan,nan,nan
nan,nan,nan,nan
nan,nan,nan,nan
nan,nan,nan,nan
nan,nan,nan,nan
nan,nan,nan,nan
nan,nan,nan,nan
nan,nan,nan,nan
nan,nan,nan,nan
nan,nan,nan,nan
nan,nan,nan,nan
nan,nan,nan,nan
nan,nan,nan,nan
nan,nan,nan,nan
nan,nan,nan,nan
nan,nan,nan,nan
nan,nan,nan,nan
nan,nan,nan,nan
nan,nan,nan,nan
nan,nan,nan,nan
nan,nan,nan,nan
nan,nan,nan,nan
nan,nan,nan,nan
nan,nan,nan,nan
nan,nan,nan,nan
nan,nan,nan,nan
nan,nan,nan,nan
nan,nan,nan,nan
nan,nan,nan,nan
nan,nan,nan,nan
nan,nan,nan,nan
nan,nan,nan,nan
nan,nan,nan,nan
nan,nan,nan,nan
nan,nan,nan,nan
nan,nan,nan,nan
nan,nan,nan,nan
nan,nan,nan,nan
nan,nan,nan,nan
nan,nan,nan,nan
nan,nan,nan,nan
nan,nan,nan,nan
nan,nan,nan,nan
nan,nan,nan,nan
nan,nan,nan,nan
nan,nan,nan,nan
nan,nan,nan,nan
nan,nan,nan,nan
nan,nan,nan,nan
nan,nan,nan,nan
nan,nan,nan,nan
nan,nan,nan,nan
nan,nan,nan,nan
nan,nan,nan,nan
nan,nan,nan,nan
nan,nan,nan,nan
nan,nan,nan,nan
nan,nan,nan,nan
nan,nan,nan,nan
nan,nan,nan,nan
nan,nan,nan,nan
nan,nan,nan,nan
nan,nan,nan,nan
nan,nan,nan,nan
nan,nan,nan,nan
nan,nan,nan,nan
nan,nan,nan,nan
nan,nan,nan,nan
nan,nan,nan,nan
nan,nan,nan,nan
nan,nan,nan,nan
nan,nan,nan,nan
nan,nan,nan,nan
nan,nan,nan,nan
nan,nan,nan,nan
nan,nan,nan,nan
nan,nan,nan,nan
nan,nan,nan,nan
nan,nan,nan,nan
nan,nan,nan,nan
nan,nan,nan,nan
nan,nan,nan,nan
nan,nan,nan,nan
nan,nan,nan,nan
nan,nan,nan,nan
nan,nan,nan,nan
nan,nan,nan,nan
nan,nan,nan,nan
nan,nan,nan,nan
nan,nan,nan,nan
nan,nan,nan,nan
nan,nan,nan,nan
nan,nan,nan,nan
nan,nan,nan,nan
nan,nan,nan,nan
nan,nan,nan,nan
nan,nan,nan,nan
nan,nan,nan,nan
nan,nan,nan,nan
nan,nan,nan,nan
nan,nan,nan,nan
nan,nan,nan,nan
nan,nan,nan,nan
nan,nan,nan,nan
nan,nan,nan,nan
nan,nan,nan,nan
nan,nan,nan,nan
nan,nan,nan,nan
nan,nan,nan,nan
nan,nan,nan,nan
nan,nan,nan,nan
nan,nan,nan,nan
nan,nan,nan,nan
nan,nan,nan,nan
nan,nan,nan,nan
nan,nan,nan,nan
nan,nan,nan,nan
nan,nan,nan,nan
nan,nan,nan,nan
nan,nan,nan,nan
nan,nan,nan,nan
nan,nan,nan,nan
nan,nan,nan,nan
nan,nan,nan,nan
nan,nan,nan,nan
nan,nan,nan,nan
nan,nan,nan,nan
nan,nan,nan,nan
nan,nan,nan,nan
nan,nan,nan,nan
nan,nan,nan,nan
nan,nan,nan,nan
nan,nan,nan,nan
nan,nan,nan,nan
nan,nan,nan,nan
nan,nan,nan,nan
nan,nan,nan,nan
nan,nan,nan,nan
nan,nan,nan,nan
nan,nan,nan,nan
nan,nan,nan,nan
nan,nan,nan,nan
nan,nan,nan,nan
nan,nan,nan,nan
nan,nan,nan,nan
nan,nan,nan,nan
nan,nan,nan,nan
nan,nan,nan,nan
nan,nan,nan,nan
nan,nan,nan,nan
nan,nan,nan,nan
nan,nan,nan,nan
nan,nan,nan,nan
nan,nan,nan,nan
nan,nan,nan,nan
nan,nan,nan,nan
nan,nan,nan,nan
nan,nan,nan,nan
nan,nan,nan,nan
nan,nan,nan,nan
nan,nan,nan,nan
nan,nan,nan,nan
nan,nan,nan,nan
nan,nan,nan,nan
nan,nan,nan,nan
nan,nan,nan,nan
nan,nan,nan,nan
nan,nan,nan,nan
nan,nan,nan,nan
nan,nan,nan,nan
nan,nan,nan,nan
nan,nan,nan,nan
nan,nan,nan,nan
nan,nan,nan,nan
nan,nan,nan,nan
nan,nan,nan,nan
nan,nan,nan,nan
nan,nan,nan,nan
nan,nan,nan,nan
