10000
5.1389475
5.1390195
5.0281844
5.2145925
5.151093
5.1871386
5.124651
5.1697965
5.1731057
5.106187
5.089722
5.1032386
5.1550236
5.104663
5.155281
5.140477
5.148149
5.2429094
5.2666464
5.2171125
5.1449246
5.091857
5.268745
5.1767216
5.204071
5.2613115
5.1942973
5.1827397
5.240773
5.211996
5.2830195
5.1913195
5.213121
5.2388496
5.142761
5.244185
5.2765474
5.170316
5.231489
5.1707373
5.1801295
5.190696
5.180403
5.214481
5.1760635
5.190424
5.254492
5.214956
5.1524878
5.230456
5.2184806
5.2346916
5.0046883
4.9120507
4.8329988
4.7444677
4.9063973
4.894503
4.8713307
4.7588167
4.944063
4.8026814
4.701489
4.811517
4.6389976
4.817719
4.797102
4.801822
4.8736167
4.898211
4.8236723
4.9000087
4.763984
4.7624965
4.719349
4.707106
4.652462
4.7328815
4.6753626
4.6451144
4.7622914
4.753187
4.5894303
4.671906
4.6372437
4.686345
4.7001934
4.6508455
4.657379
4.5705676
4.574924
4.552359
4.592052
4.6410804
4.7108517
4.7580957
4.602412
4.464515
4.613304
4.681511
4.632278
4.606644
4.6080327
4.569774
4.600484
4.555618
4.602629
4.7240977
4.6342297
4.6515574
4.604603
4.6335015
4.5638714
4.498373
4.6172485
4.331444
4.353456
4.4622307
4.297999
4.211186
4.2966447
4.082582
4.116321
4.0547695
4.056179
4.1172886
4.0204716
4.0223246
3.96833
3.9155788
3.9160872
3.8091354
3.7791133
3.7107666
3.7492137
3.711042
3.637532
3.7036777
3.5892234
3.555458
3.5186
3.4170082
3.527252
3.5948162
3.533204
3.5090775
3.4867864
3.5302744
3.6464934
3.6069326
3.6150575
3.627926
3.7143035
3.691115
3.6936238
3.8126435
3.8097734
3.8947165
3.786203
3.8226032
3.7080216
3.7978747
3.8455338
3.8033051
3.748849
3.616306
3.6539712
3.781302
3.7762432
3.7217655
3.7051482
3.7331362
3.7214699
3.791776
3.806075
3.7949362
3.6546292
3.7477841
3.705768
3.831017
3.8742995
3.8234649
3.8941932
3.8799257
3.8279738
3.8293982
3.8931649
3.8263788
3.7941754
3.64346
3.8407764
3.7903092
3.805307
3.9095898
3.7935896
3.720667
3.9014544
3.8143485
3.6203446
3.7677302
3.7459328
3.7943544
3.6558158
3.7138276
3.7145154
3.3041325
3.7252417
3.5931077
3.6763246
3.724483
3.7334285
3.6573167
3.6288095
3.6260505
3.6379004
3.6533093
3.6398144
3.6124296
3.5356607
3.638531
3.631417
3.6504474
3.6976843
3.2864265
3.666716
3.6129487
3.4725373
3.5203252
3.4865808
3.4997292
3.5138154
3.2848997
3.4278207
3.4314153
3.4757862
3.4335074
3.4611018
3.5111423
3.5659814
3.630285
3.585877
3.5762658
3.5572014
3.6117373
3.4945855
3.555624
3.848305
3.792675
4.0469484
4.3814793
4.4246564
4.431299
4.373391
4.3545775
4.4174414
4.3674006
4.342837
4.3024464
4.2540007
4.3485622
4.3405886
4.2689996
4.181428
4.058907
4.1033087
4.0743113
4.0012684
3.8530483
3.541956
3.6049182
3.7229526
3.7905457
3.8776574
3.8443017
3.7567272
3.4033997
4.043221
4.354878
4.5142345
4.549349
4.4761033
4.3632164
3.9506354
3.4551308
3.6896923
3.834534
3.7277026
3.876917
3.8410068
3.5245402
4.384659
4.6008353
4.6312795
4.711603
4.676355
4.6348066
4.512865
4.5584507
4.53975
4.583815
4.61477
4.6371465
4.5552177
4.515106
4.656583
4.5355215
4.534886
4.630142
4.5408382
4.5965614
4.647044
4.6054964
4.553897
4.550949
4.548082
4.4800215
4.5424294
4.4610558
4.368405
4.6561823
4.593256
4.642531
4.705984
4.6652975
4.6381855
4.5709114
4.572975
4.60796
4.617641
4.642125
4.6190014
4.5976195
4.5861726
4.568497
4.547853
4.60269
4.6175847
4.62296
4.5043354
4.2750807
3.9293175
3.5900254
3.6738164
3.5069752
3.4925086
3.477246
3.5018697
3.5620847
3.5002937
3.4356084
3.501916
3.4640815
3.5274963
3.598702
3.5753386
3.4947307
3.6034386
3.5274582
3.5008683
3.5508666
3.582366
3.6719232
3.639546
3.601944
3.6615138
3.6093304
3.591763
3.593019
3.6244926
3.6251903
3.6667097
3.701407
3.6883743
3.6477058
3.6673028
3.6217241
3.689802
3.7092693
3.8335962
3.5863023
3.5573804
3.5900793
3.5899248
3.8767676
3.7344525
3.6854954
3.7420998
4.0194993
4.1166096
4.256459
4.1126556
3.7516694
3.9445992
3.466086
3.1375232
3.1315608
3.18302
3.1477928
3.1614494
3.1738224
3.5289285
3.8346817
3.874145
3.928446
3.8401759
3.7593324
3.723486
3.9192693
3.7554855
3.821498
3.8033834
3.788929
3.7372885
3.5756884
3.566843
3.5323763
3.5875094
3.5556388
3.4851227
3.4901247
3.4940677
3.3858006
3.9702067
4.2269635
4.1055727
4.1217747
4.163052
4.148669
4.16048
4.277312
4.261575
4.3163676
4.2036767
4.234874
4.1306653
3.6645553
3.6058798
3.4833238
3.582061
3.9333415
4.3089657
4.1741233
4.1410766
4.03324
3.4708986
3.6419945
3.2460024
3.272565
3.230505
3.2787664
3.1741989
3.2396069
3.9698694
3.405663
3.4338307
3.5643756
3.5314534
3.5096648
3.4786472
3.6309671
3.594036
3.9338262
3.5210483
4.0192895
4.019945
4.1239247
4.1949587
4.3130107
4.4892473
4.492926
4.471549
4.5994534
4.45759
4.541849
4.582403
4.6205087
4.701937
4.8022385
4.8503165
4.7266917
4.7946234
4.732049
4.7826753
4.730422
4.74288
4.7117233
4.707355
4.661768
4.668007
4.708996
4.6329813
4.721238
4.6627026
4.738234
4.6273026
4.6186047
4.5671234
4.651146
4.549186
4.6129293
4.6126885
4.643152
4.599015
4.6736355
4.584915
4.632949
4.5293145
4.5771084
4.545156
4.6442633
4.5451202
4.565158
4.573767
4.539991
4.575028
4.5911345
4.4458914
4.492766
4.4552135
4.5190663
4.422208
4.3318567
4.156794
4.1955633
4.0405912
3.9593756
3.7638447
3.6564898
3.7280622
3.7278252
4.1344295
4.2971387
4.415069
4.33155
4.486394
4.638426
4.653942
4.710151
4.8468175
4.926199
4.815363
4.4758973
4.5318627
4.584975
4.4973946
4.5525475
4.5964813
4.5472226
4.283929
4.027934
4.1009107
4.051427
3.938147
3.9357367
4.108619
4.1492968
4.324765
4.38629
4.488044
4.5705347
4.6962686
4.6854496
4.7043753
4.6201315
4.6661105
4.7049723
4.6831365
4.6301694
4.681754
4.6650453
4.6360292
4.6419673
4.645971
4.7349076
4.6772013
4.6673913
4.6466722
4.698645
4.6998076
4.7316685
4.7320647
4.741042
4.729355
4.6971645
4.6702223
4.659358
4.6718597
4.690614
4.654054
4.6418896
4.6352873
4.6109242
4.7019377
4.6676474
4.6576433
4.6648865
4.6518025
4.6994376
4.6726346
4.6390615
4.5350904
4.505456
4.4499397
4.478595
4.6290617
4.5880537
4.662987
4.5543847
4.5680294
4.446311
4.502427
4.3773456
4.472393
4.3831835
4.4563293
4.414383
4.4094753
4.2640424
4.1294894
4.0969462
3.9649644
3.7242084
3.796176
4.0176005
4.234784
4.316621
4.0840054
4.013514
4.1327987
4.1530995
4.175396
4.214343
4.289923
4.2287617
4.16985
4.0704327
4.0069275
3.772473
3.6368122
3.8296278
3.2931604
4.238489
3.977336
3.8280067
3.846982
4.006447
3.9712195
3.7060254
3.5858483
3.6968982
3.7854824
3.880115
3.4143062
2.9546928
3.0033197
3.1298695
3.2734833
2.7411842
3.2781718
3.3199797
3.3606963
3.3437119
3.3427176
3.356353
3.3042479
3.3094666
3.3367915
3.330096
3.2978601
3.2945108
3.363988
3.3092425
3.3312092
3.2947445
3.2859898
3.3311305
3.3447185
3.286285
3.335124
3.3628993
3.3370662
3.3790767
3.3570983
3.3211675
3.3251815
3.3733063
3.336618
3.358842
3.350473
3.408574
3.350209
3.334643
3.3265104
3.4388075
3.5096211
3.3455186
3.6393423
3.6158056
3.4304852
3.5006094
3.5601244
3.9086566
3.8657799
4.0800457
4.073657
4.257349
4.031676
4.19952
4.0882354
4.2926083
4.187076
4.344852
4.326003
4.0144553
3.8880398
2.95035
3.8947487
3.7185142
3.660816
3.8167033
3.82159
3.7882648
4.3173347
4.478781
4.119302
4.0508285
3.7988927
3.534599
3.583767
3.6505585
3.6186352
3.4235215
3.4917865
3.4154465
3.0669923
3.3966138
3.5305254
3.639143
3.8077
3.4533002
3.5813384
3.0084243
3.9617906
3.8699312
4.0931597
4.1669083
4.0775013
3.7761815
3.7039561
3.6775513
3.1956975
3.1958373
3.0005372
3.0513046
2.938861
2.9714568
3.0311341
2.9809258
3.02387
3.0365925
2.8484292
2.9510326
2.9225786
2.913526
2.9370604
2.895525
2.881822
2.8357806
2.845542
2.7902458
2.9824805
2.8305964
2.973431
3.1662354
3.1176844
3.0900447
3.289073
3.42201
3.288795
3.0373507
2.760419
3.032021
3.022872
2.9971604
3.2669785
3.3680952
3.0737731
3.6306314
3.6959286
3.5688581
3.3952198
3.374557
3.1892905
2.7696042
2.7702
2.9578867
3.008298
3.241136
3.3555012
3.20371
3.9462633
3.8441305
3.6477356
3.7085855
3.424107
3.3490202
2.9924939
3.0074043
3.1947896
3.169793
3.4576197
3.6608891
3.673783
3.811374
3.756515
3.6736326
3.550108
3.15738
3.1758535
2.661329
2.8703547
2.8095214
3.1519132
3.6030293
3.8633554
3.796384
4.050893
4.03128
4.017794
3.7229815
3.2492995
3.0122292
2.8017933
2.9360313
3.3483684
3.2150464
3.3317795
3.2845147
3.4845726
3.4936035
3.577945
3.5127606
2.8639135
3.172767
2.7560585
2.9871206
2.9271617
2.985966
3.1334267
3.05557
3.165326
3.3020897
3.1386657
2.87943
3.6051683
3.4950843
3.3006809
2.9475496
3.3085356
3.4486477
3.558819
3.6276488
3.5966847
3.4019372
3.6261759
3.669839
3.6464124
2.699465
3.6184769
3.6432645
3.3781645
3.0229082
3.189839
3.2467587
3.204855
3.3812475
3.4511619
3.9797802
3.9481676
4.00452
4.001825
4.0886803
4.0655866
3.6290936
3.2686882
3.2545311
3.2568965
3.3682911
3.6209588
3.6081657
3.5658863
3.7049613
3.776384
3.527107
3.794392
3.950728
3.6617188
3.301694
3.2184203
3.2100575
3.274201
3.3972309
3.3993797
3.5361354
3.6440024
3.598248
3.8441103
3.9523487
3.7868514
3.9406047
3.4417226
3.1740384
3.1067452
3.0308416
3.1682885
2.7866483
3.595148
3.5730677
3.534653
3.5611358
3.8469927
3.4974725
3.4649315
3.1651251
2.7984862
3.1535218
2.7887309
3.0783808
3.2781513
3.349768
3.2905738
3.4841015
3.6656566
3.6125007
3.1863725
3.3959079
3.406211
2.7502747
2.7669914
2.8164396
2.7556622
2.8204787
2.8302462
3.3028994
2.9091449
3.377112
3.4607553
3.388836
3.3198116
2.8229163
2.944133
2.978069
2.8306167
2.8236828
3.1360095
2.851921
3.1992023
3.2070026
3.3117213
3.5648627
3.3306038
3.342114
2.823822
3.201375
3.261408
3.220275
3.0865097
3.1504276
3.0596797
3.4048884
3.2222688
3.4762776
3.6999242
3.689483
3.1826549
3.0635166
2.9005623
2.7817965
3.0512354
3.3149357
3.3033967
3.6387873
3.2810571
3.2727897
3.3837214
3.4932837
3.4323707
3.4852865
3.0461056
2.897245
3.1304517
3.3156097
3.214079
2.9218335
3.1242168
2.9739325
3.294668
3.1286483
3.3065324
3.286013
2.912817
2.6942334
2.7106602
2.7458122
2.85569
2.92003
3.103342
3.2519531
3.3272116
3.4936595
3.4970071
3.4076662
3.3239994
3.4868703
3.4647536
3.36595
3.486237
3.490951
3.398096
3.511425
3.4281406
3.583031
3.5112557
3.2485964
3.5426433
3.791535
3.7473774
3.752088
3.5533903
3.4044688
3.5112813
3.6425412
3.4783385
3.4249752
3.4340296
3.5075366
3.1405897
3.5675538
3.5449703
3.5253513
3.359511
3.283918
3.4230652
3.4633696
3.3908057
3.3676767
3.5375564
3.5121636
3.589757
3.3247955
3.4781427
3.206244
3.1286812
3.2795875
3.4647007
3.314429
3.495638
3.4422846
3.4931138
3.531796
3.5382147
3.4615889
3.2773726
3.3941925
3.4204464
3.5504618
3.7942102
3.6348815
3.3005269
3.4250484
3.3656714
3.4230955
3.3595793
3.4873445
3.2710292
3.6650364
3.5036542
3.6974475
3.5995247
3.4110966
3.537396
3.5925605
3.3767211
3.508768
3.444079
3.3346615
3.197913
3.372663
3.4044404
3.3477385
3.3969963
3.1273487
3.4150858
3.4956791
3.4960601
3.2135952
3.2545686
3.382102
3.1664805
3.4015057
3.2773902
3.3777835
3.4007325
3.3093271
2.9976494
3.0499976
3.1217587
3.184004
3.2027764
3.0981293
3.040277
3.1126356
3.141257
3.1666524
3.101903
3.1588242
3.1758034
3.1143334
3.2412403
3.220148
3.3955922
3.4146192
3.186327
3.454649
2.8670068
3.3186867
3.335203
3.213707
3.2319958
3.2508636
3.1364214
3.2106907
3.1980023
3.2494092
3.0682874
3.1902807
3.2584043
3.2056074
3.1546583
3.2529619
3.2455652
3.19443
3.2734559
3.2593906
3.2644038
3.1773913
3.1394966
3.2198992
3.297506
3.235859
3.172611
3.1275606
3.208657
3.059292
3.3497317
3.3001497
3.1702583
3.2649853
3.6140788
3.3596828
3.2896137
3.519671
3.4659536
3.52274
3.5586295
3.5442834
3.40462
3.329592
3.2103245
3.5462046
3.4418125
3.4995563
3.32363
3.442635
3.3565187
3.3588111
3.453267
3.4408135
3.3580718
3.33594
3.3401282
3.281684
3.2761734
3.368646
3.3878536
3.5004578
3.490323
3.2752373
3.4413953
3.564414
3.434566
3.3361778
3.245338
3.2441869
3.2125587
3.315226
3.5695837
3.527577
3.738103
3.550662
3.566156
3.1357448
3.5592835
3.3504906
3.3454022
3.3758323
3.2365036
3.5438576
3.450272
3.4362855
3.4534154
3.4283786
3.431762
3.4365463
3.5373793
3.3769753
3.4039726
3.3579183
3.4669216
3.4070015
3.3360906
3.3999057
3.4988701
3.3180733
3.4219933
3.361404
3.280212
3.2645998
3.524186
3.5173492
3.5121124
3.3961945
3.231671
3.3335586
3.123249
3.1838744
2.9212856
3.1712258
3.058878
3.513584
3.7901413
3.7318842
3.7484374
3.7101278
3.4895852
3.400855
3.1551085
3.1203814
3.146325
3.3850143
3.5330906
3.4773467
3.5121038
3.5075226
3.5546188
3.548473
3.4784644
3.5359666
3.5334408
3.4952207
3.6023638
2.666656
3.6097662
3.5554497
3.5571127
3.5991998
3.2627387
3.0359826
2.9753127
2.7971692
2.8513172
2.9047184
2.7264836
2.9113476
2.891631
2.7811217
2.6721072
2.9596307
2.8713999
2.6639748
2.7539043
2.8001168
2.8775191
2.8236046
2.8319004
2.7978668
2.9572122
2.8307269
2.787795
2.85749
2.7850833
2.8974943
2.7356007
2.6612635
2.6908588
3.0665765
2.6832957
2.7314758
2.7579193
2.7166605
2.690785
2.673859
2.8253455
2.7227788
2.7672706
2.7890382
2.9603114
2.7727542
2.821457
2.684058
2.9206123
2.7044508
3.090383
3.2300851
3.033939
2.8460474
2.8823948
3.268579
3.2109017
3.1509278
2.9403813
2.8080692
2.7896223
2.7866473
3.0985208
2.6691685
3.1125453
2.7365294
3.0170302
3.2509358
3.0820115
3.218299
3.2329757
3.1320536
3.209279
3.2307796
3.301791
3.2269244
2.700002
2.9935465
3.0328298
3.044836
2.9810827
3.06004
3.0279775
3.05178
3.0593393
2.992822
2.991265
2.9147706
3.0271745
2.8799422
3.0272083
2.9845793
2.915302
2.9379015
2.9618707
2.773809
2.9363022
3.116083
2.9876275
2.8242788
2.927173
2.7090669
2.8438785
2.7469935
2.8209462
2.7900712
2.748652
2.5536187
2.5018656
2.711898
2.7576756
2.4809458
2.8029523
2.7769341
2.6027188
2.6450195
2.7706842
2.686661
2.708555
2.7266803
2.692051
2.6207504
2.7330256
2.8101258
2.7201247
2.9160662
2.73275
2.840562
2.8515515
2.8605268
3.011081
2.914691
2.7522197
2.873325
2.8374355
2.811968
2.8146923
2.80936
2.7751837
2.8205605
2.787147
2.8911533
2.756051
2.7897332
2.7559047
2.6899652
2.8873422
2.752716
2.8367314
2.867241
2.8443873
2.8153355
2.8936176
2.8287709
2.9993753
2.9194381
2.6801033
2.9235706
2.8328984
2.9086843
2.8623478
2.9477603
2.7269928
2.6372151
2.6297903
2.7514234
2.7146041
2.775951
2.7914147
2.8571281
2.7519393
2.7408588
2.77119
2.8113558
2.917754
2.897168
2.8058863
2.7936563
2.742929
2.9043963
2.843765
2.808346
2.7056355
2.6328607
2.5903828
2.70494
2.7859747
2.663989
2.7422764
2.6404648
2.6930492
2.7562485
2.5922456
2.795303
2.7216918
2.6307216
2.6932454
2.7343707
2.6513135
2.7295923
2.6996577
2.7121568
2.6781042
2.7168944
2.7786686
2.7851436
2.7102022
2.6084485
2.8961272
2.885936
2.9074233
2.9011118
2.8867111
2.8079584
2.9953377
2.8673434
2.8231997
2.8425107
2.8925714
2.8175583
2.8333797
2.7817593
3.0079222
3.1788197
2.93213
2.9017925
2.9962485
2.9112358
2.8898177
2.9294124
2.8843305
2.6081011
2.4883542
2.9205973
2.86092
2.9787917
2.9634137
