10000
10.156268
10.058726
10.066953
10.061088
10.025455
10.0563
10.095261
9.983184
9.964529
9.951048
9.899037
9.937582
9.942285
9.90214
9.966433
9.981005
9.887047
9.866301
9.981473
9.8656025
9.987339
10.05578
10.035641
9.864775
9.990867
9.9921465
9.990373
10.009909
10.133232
10.224966
10.008629
9.98597
9.848259
9.931828
10.064292
10.105284
10.062953
9.937783
9.763367
9.625543
9.396143
9.1504345
8.832905
8.668952
8.269224
7.5345316
6.651201
5.964357
5.49947
4.371992
4.49362
4.734958
4.612559
4.7656374
4.543769
4.6473837
4.6621103
4.7793546
4.586586
4.5922656
4.695555
4.8043923
4.6020722
4.5858884
4.543272
4.7096415
4.487559
4.81538
4.500415
4.5938187
4.496363
4.6167836
4.623429
4.698312
4.883305
4.670802
4.3440166
4.150732
4.255761
4.056965
3.9360986
3.831443
3.916647
4.156039
4.408529
4.7014394
4.691863
4.82202
4.687543
4.787405
4.8384914
4.9854784
4.6495924
4.885043
4.9642906
4.5664744
5.1244826
5.9548135
4.6052237
4.3840804
4.4088254
4.600384
4.6744313
4.4420466
4.629526
4.448828
4.384587
4.473579
4.491298
4.772745
4.6914845
4.697641
4.5956097
4.7436204
5.31001
5.3870792
4.9056597
5.325377
5.268461
5.189081
4.044839
4.3201857
5.8823385
5.3204937
5.0815563
4.7703404
4.2844276
4.703268
5.1873946
4.84863
4.3010697
5.457432
5.4555464
5.0600786
5.0812507
5.0943017
4.496479
4.781979
4.6599755
5.13233
5.3279476
5.104201
4.1547995
4.774314
4.426216
4.5065064
4.0019975
4.8067493
5.4769135
6.1681337
7.311734
7.1750836
6.019746
4.9037457
4.6989603
5.526614
6.173601
7.0265474
7.019378
5.977048
5.302503
5.254203
5.5886803
5.677669
6.2095556
6.0845633
5.08365
4.3984876
4.7049904
4.492435
4.286904
4.353257
4.227004
4.3732996
3.9247677
4.9598737
5.9524026
4.820047
5.3333344
4.4274387
4.35769
4.408301
5.0442247
5.0524096
5.3588257
5.147444
4.2919283
4.171558
4.8108945
4.7708445
5.1167974
5.145184
5.989873
6.324189
6.0082746
5.8242016
5.517913
5.5105534
5.9945893
6.5601225
6.4560013
6.167824
6.0166736
5.3931947
4.8638115
5.3910713
5.601423
5.9927483
5.916072
5.5507536
5.373899
5.1886253
5.1567736
5.2438674
4.8983693
4.735688
4.3375397
4.7319574
4.7826023
4.6798687
4.5902557
4.6530914
4.563762
4.3111963
3.9905574
4.1223035
3.8909636
4.3119164
4.0900373
4.132504
4.4018445
4.21731
4.361127
4.6254883
4.170329
4.3561215
4.007271
4.769268
4.5991416
4.3902335
4.3003397
4.182165
5.433643
5.7234097
5.529849
5.323659
4.279112
5.2344685
5.159733
4.39506
4.924676
4.8985543
4.926902
5.1086073
4.4002714
4.3129487
4.048296
4.118334
4.115122
4.1902018
4.0662823
3.9302754
3.8006105
3.908053
3.8390582
3.784272
4.466923
4.829033
4.824507
4.361848
4.405448
4.369051
4.320478
4.166206
4.364887
4.419373
4.581254
4.506879
4.545371
4.7157683
4.4571924
4.0810084
5.3486757
5.0908585
5.171048
5.125806
5.2009797
5.227314
4.8806586
5.07919
4.4617248
4.177423
4.2943153
4.3127327
4.2103376
4.3630395
4.6190434
5.5613885
4.590951
6.2076006
5.4099283
3.8729672
4.500901
4.3220153
4.974361
5.0167294
4.660678
4.897356
4.222299
4.7027216
4.312572
4.34121
4.588597
5.1772404
5.468359
5.6596003
5.696767
5.5181127
5.3043623
5.601962
5.850933
5.5729275
5.4423094
5.374209
5.427739
5.8613567
5.6112995
5.683689
5.7167635
6.112093
5.9118547
5.6135335
5.902576
6.0816946
6.1533794
5.9960694
5.842041
5.458528
5.6905704
5.952572
6.1010013
5.859049
5.4975386
4.831765
5.2588034
5.572572
5.200831
4.954334
4.619381
4.5673084
4.7825346
5.1137214
4.995368
4.8599296
5.38926
5.814847
5.70928
5.6175165
5.549772
5.743964
5.479461
5.4653673
5.105475
4.573707
4.7571096
5.1771584
4.8051195
4.3198175
4.6785088
5.0438766
5.1401944
4.8127747
5.1521406
6.0937514
6.1389694
5.7389812
5.0571957
5.551788
6.05717
6.466739
6.0901127
5.9727187
5.7730837
5.630863
5.799384
6.0145955
5.852775
5.8308744
6.0935802
6.3182216
6.5167522
6.475662
6.3654265
6.4771814
6.57364
6.70045
7.0446577
6.688667
6.223857
5.5610495
5.2174325
5.1313057
5.4415236
5.906273
6.296198
6.6467905
6.50912
6.5365314
6.544302
6.6003256
6.7986135
6.32458
4.0022736
4.3663487
4.4283977
4.605486
4.4159083
4.553641
4.7734504
5.1111245
5.397964
5.5086737
5.2991204
5.3939314
5.448986
6.155755
6.9653177
6.73551
5.3226533
4.348221
3.6342146
3.4710915
3.5712337
3.4992306
3.9004776
3.927797
4.8521085
4.442976
4.4369106
4.414972
4.3814764
4.3866916
4.3175244
4.3106074
4.8494463
4.434871
5.039955
4.850664
4.2584996
4.8526278
4.545482
4.9049854
4.897332
4.2951226
4.4202867
5.0666914
4.5517707
5.060014
5.3279786
5.5165644
5.1783047
5.031948
5.1160603
5.1217184
4.9790926
4.527027
5.3338985
4.648226
4.6456904
4.824087
4.799718
4.8743086
4.8998637
4.8399854
4.8792644
4.8692064
4.9116173
5.02625
4.9735246
5.011128
4.7772226
4.6230154
4.544752
4.4637566
4.8932
4.753708
4.7239075
4.7639194
4.837522
5.8633738
5.901822
5.8346157
5.6836925
5.627253
5.6406918
5.9048195
5.8216515
5.828152
5.664386
5.634138
5.632348
5.348308
5.7058797
5.487028
5.2972345
5.218042
4.366231
4.887324
4.1448827
4.8028774
5.030384
4.382143
4.0859847
4.006082
4.2842054
4.587981
4.3541856
4.22266
4.511566
4.692561
3.5586975
4.725818
4.4583163
4.1043744
4.326668
4.7252493
4.5247993
5.1315374
5.573745
4.1176586
4.469486
5.098027
4.788152
4.522933
5.3924055
6.3072515
5.374725
4.707378
4.288025
4.5681486
4.7759185
4.742609
4.482775
4.715141
4.538431
4.7130475
5.0050383
4.8351355
4.11988
4.4744434
4.28315
4.1231213
3.9994154
4.3580217
5.1903033
5.7562337
5.6478977
5.03144
4.9368715
5.475969
5.861186
6.158422
5.8737144
5.5170403
5.5883293
5.792582
5.582104
5.4671984
5.4861493
5.7961407
6.076311
5.987281
5.8097544
5.894395
5.942752
6.16081
6.3706326
6.6078854
6.5621595
6.8880653
6.4711103
6.5506063
6.5790887
6.633365
6.48258
6.2008796
6.006401
5.82123
5.846139
5.7826514
5.8003573
5.97573
5.987977
6.2704425
6.1517487
5.7591786
5.6500893
5.959209
5.874216
5.9479737
6.115873
6.1080647
5.828014
5.722757
5.792316
5.6577697
5.627596
5.768367
5.42971
6.0422997
6.093519
5.584872
6.10623
6.0323005
5.890381
5.711915
5.5469904
5.5465703
5.917041
5.212018
4.821215
4.8641653
4.9984045
5.104167
4.6017933
5.157263
5.076722
5.460966
5.9503984
6.1388087
6.029295
5.927148
5.766913
5.6341596
5.4114532
5.3609076
5.646746
5.405612
5.7478247
5.738249
5.6993585
5.826848
5.8844843
5.944849
5.846612
5.777665
5.71655
5.7953987
6.2224064
6.2678566
6.314268
6.3781366
6.3213143
6.164549
6.2457542
6.2123885
6.2457895
6.16171
5.900973
5.710676
5.5668354
5.592563
4.6402764
4.008673
4.8713155
5.427249
5.4668064
5.346074
5.7165875
5.5496054
5.2444477
5.9905496
5.9258943
6.0710526
5.938259
5.185874
4.213738
4.1364365
4.890875
5.346803
5.611805
5.806994
6.133053
6.5559597
6.726786
6.4039674
5.641515
5.099532
4.113723
4.8466825
5.19662
5.0748563
5.295348
5.499944
5.746126
5.7306547
5.74421
5.815063
5.8184924
5.887663
5.549141
5.576277
5.6198335
5.55354
5.436783
5.5348153
5.4761095
5.590001
5.6158457
5.6580944
5.587185
5.751676
5.414765
5.4915185
5.4394464
5.373703
5.4584036
5.218524
5.252161
5.315469
5.2616663
5.3138757
5.027169
4.4272866
5.0793495
5.0104175
4.85106
4.775222
4.8718905
4.9503827
5.267612
5.290898
5.1540103
5.2581263
5.319576
5.3630776
5.295171
5.101014
5.3589625
5.276512
5.183564
5.2230287
5.3838415
5.361557
5.197694
5.0838737
5.178198
4.5291185
4.9520164
4.3482256
6.808137
7.5944276
7.1080475
7.835656
6.4978886
6.2523146
5.443583
4.272727
5.1954465
6.7418995
5.564493
4.6774435
4.4274783
4.325081
4.640099
4.6678476
4.4057693
4.9544864
4.7980747
4.749868
4.825639
4.888306
5.0326385
5.0874977
5.078538
5.0432396
5.034214
4.925149
4.8185797
4.8101516
4.806713
4.898696
5.1524544
5.2272997
5.1556206
5.194578
5.2191772
5.204624
4.991752
4.960499
4.922758
4.7163396
4.6904187
4.7312465
4.5982738
4.6434646
4.87176
4.6082706
4.5107985
4.3312373
4.3299994
4.111757
4.122188
4.119882
4.2075963
4.1036563
4.3408318
4.323449
4.4313602
4.2004657
4.2654657
4.2245517
4.4041734
4.234782
4.3030543
4.241061
4.4159884
4.295935
4.0850425
4.197114
4.1838245
4.185642
4.124527
4.2173934
4.2824335
4.4932857
4.2418346
4.437111
4.1926284
4.3077984
4.2792573
4.4566345
4.1469603
4.244321
4.319476
4.339152
4.2630725
4.4354906
4.3441124
4.190899
5.1527224
5.208726
4.265065
4.1095347
4.8686447
4.8239503
5.0794992
4.9856915
4.7833104
4.6308217
4.4175243
4.266321
4.3601413
4.258756
4.221623
4.3034616
4.370423
4.1592107
4.1290517
4.125276
4.3730245
4.080051
5.6049833
6.124024
6.0345397
5.776376
4.99305
4.651799
4.736787
4.206239
4.416978
4.4945107
5.1034374
5.069321
5.0899835
5.3947554
4.9395084
5.9750338
5.169778
5.2343454
4.7912517
5.011297
4.9136724
5.302573
5.3265142
4.283099
4.326578
4.2906394
4.1856565
4.0361724
4.0093365
4.777446
4.069554
4.1054554
4.4978976
4.6552725
4.5563517
4.795092
5.064969
5.3141336
5.5775948
5.7190256
5.47538
6.1184387
6.244223
6.095819
6.072297
5.719944
5.7163396
5.754093
5.9094563
6.0133066
5.9424133
5.8139076
5.8487053
5.905049
5.870489
5.7927065
5.7347097
5.709177
5.521928
5.4543943
5.371039
5.3760386
5.4280615
5.9143476
6.089398
5.7339196
4.3053565
4.7209826
4.676203
4.314171
4.175468
4.063061
4.1871624
4.326868
4.5514235
4.680143
4.3683877
4.995544
4.7544136
5.067479
4.9264913
4.3035183
5.0898824
5.493157
5.242065
5.4366856
5.367955
5.136795
4.926102
4.971313
4.9245825
4.8547034
4.770218
4.4204097
4.7561035
4.711108
4.766886
4.7619066
4.640947
4.7041125
4.754585
4.699735
4.7544518
4.653988
4.6566486
4.788201
4.655377
4.478373
4.5646815
4.605488
4.533432
4.674893
4.5094695
4.4000387
4.6184483
4.3527017
4.3166804
4.5128994
4.543178
4.460538
4.570294
4.666706
4.852883
4.881528
4.700453
4.789098
4.6125455
4.740875
4.6247106
4.591327
4.678404
4.805605
4.7659955
4.7982965
4.7077703
4.662974
4.733057
4.6125045
4.755347
4.824181
4.680949
4.75654
4.4326777
4.3344135
4.5909166
4.518041
4.3952274
4.6065516
4.4667745
4.4061084
4.579728
4.8431783
4.967025
4.8808064
4.864902
4.6529417
4.593974
4.6539264
4.6824217
4.622208
4.727221
4.8095245
4.876482
4.956805
5.0230184
5.091357
5.157494
5.2911854
5.2899175
5.407357
5.3204355
5.1010313
5.2248397
5.318914
5.269412
5.2167835
5.285684
5.2864313
5.168888
5.268509
4.9868746
5.1109633
4.943679
4.92483
4.843359
4.9181643
4.7632704
4.953191
4.952295
4.963469
5.165959
5.138625
5.2101893
5.164801
5.133317
5.170865
5.1676965
5.0767975
5.1910834
5.2445526
5.1310477
5.18011
5.292872
5.526302
5.4320726
5.5003233
5.606778
5.6024976
5.5103946
5.474838
5.4846444
5.3638735
5.4256487
5.5000663
5.592907
5.4897747
5.5786533
5.450503
5.0032163
5.2462373
5.3395452
5.3151455
5.469812
5.251414
5.3043437
5.443986
5.3198185
5.4410963
5.0954595
5.223758
5.437771
5.6392646
5.2592874
4.968114
5.1649303
5.063853
5.213041
5.24202
5.119104
5.1263905
5.2876215
5.1024046
5.0333385
5.251667
5.0317197
5.1101727
4.955969
5.087416
5.0523763
5.091101
5.1369505
5.0061917
5.0947547
4.9799843
5.0096188
4.905769
5.1043115
4.796961
4.8547826
4.992432
4.5984015
4.7645903
4.672984
4.8924155
4.899448
4.8500013
4.9332085
4.649511
4.7891693
4.750425
4.705819
4.743215
4.86339
4.6286945
4.5750237
4.734283
4.605479
4.6379485
4.523305
4.6534667
4.6102767
4.6286073
4.4464035
4.688094
4.774498
4.6724205
4.468723
4.62046
4.718197
4.9089704
5.035596
5.0625463
4.772969
4.980281
4.788739
5.0018826
4.879145
4.908547
4.564208
4.5480285
4.569071
4.7225914
4.601205
4.6568346
4.799073
4.508341
4.563914
4.703927
4.4831567
4.670789
4.608498
4.559914
4.6364946
4.745624
4.840184
4.7068315
4.7318897
4.6478605
4.551219
4.4330654
4.359147
4.4046645
4.225089
4.506206
4.640479
4.549935
4.644202
4.532343
4.539167
4.5389576
4.4050784
4.326666
4.3230934
4.5531693
4.532563
5.572704
5.518988
5.324151
5.1393433
5.238163
5.108714
5.079578
5.1980286
5.2083497
5.214927
5.1227007
5.219492
5.4142027
5.334908
5.221804
5.111986
5.4472337
4.819937
4.0770454
4.4078264
4.54716
4.000437
6.9832544
6.9149218
7.018021
7.1543174
7.0115595
6.980768
7.145638
7.015212
6.841532
6.885951
6.900597
6.9829464
6.9058967
6.8841705
6.850364
6.816566
6.8589344
6.718219
6.389225
5.984108
4.279784
4.873039
4.435601
4.1616945
3.6232638
4.8550973
6.028664
5.8642077
4.737816
4.8348155
5.0391707
4.5265164
4.4969254
4.0821295
4.5703144
4.4533525
4.007923
4.323337
4.4067802
3.8982446
3.6352968
5.04157
4.5829725
4.1072235
4.018394
4.402502
4.376604
5.1561217
4.786258
5.2732887
3.7960546
4.8322945
4.7236614
3.7758904
5.336019
5.289495
4.748194
4.357114
4.1743693
4.1207113
4.617531
4.954877
5.1916203
5.516869
5.33232
5.048163
5.063491
3.9452317
5.4675612
3.6970477
3.6600423
3.9534564
4.665284
4.6541753
4.279676
4.622041
4.3849916
4.308604
4.5298967
4.1626053
3.5665195
4.3776207
4.030059
4.4790096
4.1002984
4.3598557
4.6234426
4.786109
4.7044735
4.585572
3.890298
3.0764334
4.22713
3.8583555
4.1342926
4.6188955
4.8100605
4.14745
4.1763515
4.1173143
4.8783326
4.6794596
5.100347
4.650824
4.6853905
4.870369
6.443207
6.0854573
4.330282
4.4762053
4.550956
4.3945546
4.750707
4.941079
4.9418335
5.233354
5.379552
5.64771
5.3414965
4.597283
4.1810956
4.3436184
4.294747
4.9456673
4.7443023
5.0306296
4.6386104
4.0368123
4.254753
4.181033
4.1999283
4.048976
4.055626
4.2512975
3.7320747
5.450455
4.6327147
4.913361
4.1542783
3.7596426
4.427251
4.176879
4.500112
4.6293426
4.5933037
4.7223787
4.86152
4.893677
4.572315
4.761857
4.7458625
4.547166
4.272226
4.3468
4.030302
4.136956
5.7116213
5.5448236
5.6174154
5.51474
5.4424124
5.219248
5.681299
5.142372
4.442688
4.3757734
4.545833
4.0991783
5.375778
5.0370193
4.918722
4.793773
5.1624756
5.1255584
4.4097776
4.415615
4.207092
5.1704783
4.7752185
4.810378
4.5651846
3.9091263
4.341646
5.175907
3.6006114
5.403281
3.8840837
4.386244
4.044637
4.8333373
4.9418526
4.829682
4.487768
4.7842107
4.9306707
4.545109
4.741434
4.506096
4.550038
4.466849
4.2092853
4.4479723
4.217786
5.367332
5.1387854
5.7030177
5.6120887
5.9781
5.5770235
5.8421555
6.129095
6.4645815
6.445378
5.975209
5.856416
6.357197
6.7014894
6.364613
5.845917
6.218003
6.336186
6.087826
6.301039
6.571878
6.3385105
6.5687876
6.2905674
6.312535
6.3758383
6.276556
6.1118517
5.949449
5.730477
5.8755054
5.569825
5.232941
4.270975
6.039626
6.06293
5.0561385
5.3433313
5.3132787
5.235071
4.0585837
5.432854
6.4138823
4.2554116
4.073551
4.7975874
4.3791075
4.5413485
5.752684
4.8106728
4.392813
4.0303693
5.289549
5.193754
5.4931917
5.914542
4.027229
5.806914
5.6853437
5.959256
4.6474204
4.359589
4.808758
6.1981735
6.255113
4.435727
4.823067
4.2266445
4.2750435
5.1746917
5.2558675
4.7406793
4.160339
4.048102
4.522616
5.4953637
5.121202
5.889571
4.0534644
4.0163307
6.1722
5.310715
6.1866126
4.367698
6.155207
4.127825
6.2730017
4.781152
4.25963
6.015674
6.007078
5.6392126
5.02713
4.343408
4.5141077
5.4038925
5.701912
5.882171
5.9717083
6.0762143
5.7867346
5.097376
5.330537
5.596642
6.438036
6.92287
6.9755297
6.881662
6.9437027
7.1051292
7.315158
7.357382
7.416422
7.4988346
7.367102
7.3827467
7.1227045
7.2020626
7.2336836
7.084515
7.363707
7.235366
7.16505
7.4849033
7.101984
7.266098
7.1858883
7.025841
4.2657776
4.2439003
5.812154
5.9249477
5.9275455
5.972158
6.1332216
6.157432
6.29646
6.186596
6.128291
6.089489
6.001166
5.9402633
5.992519
5.9134693
5.755332
5.7419515
5.5815153
5.7606773
5.887762
5.7070875
5.851856
5.6503797
5.9404445
5.948226
6.0400457
6.0445895
5.8575697
6.255089
5.890135
6.2217793
6.055055
5.080596
4.668783
4.4756866
4.842219
4.256407
4.250658
4.2263756
4.4294667
4.297166
6.804449
6.928113
5.826552
4.6457376
4.8229938
5.1418853
4.7548847
4.955152
4.057291
4.318465
4.5146856
4.2659235
4.7272453
4.6992903
4.067468
4.338418
4.1915503
4.894672
5.9546924
4.160826
6.971593
7.184662
4.0842514
4.4787264
4.7329445
4.4166555
6.0495176
5.970359
4.28406
4.035948
5.710471
6.08156
4.6999025
6.02512
4.026649
4.6232123
6.1491566
6.363622
5.519407
4.577235
4.294733
4.551845
4.4229965
4.1818743
4.6178026
4.4013968
4.425809
4.12052
4.7030954
4.398926
4.3432617
4.437557
4.3934684
4.2354455
4.5595136
4.5463853
4.0908823
4.1830163
4.0838957
4.1366806
4.955884
4.942447
5.0836883
4.3409357
5.6547475
5.53446
4.5660715
4.0698023
3.8705144
4.2234173
3.8947847
4.766256
4.505562
4.51472
4.675044
4.234185
4.0705686
3.7770212
3.422095
3.526258
4.4782553
3.778402
5.0473604
4.0937147
4.635844
3.96708
4.2594795
4.359653
3.092493
3.8610468
3.6000867
3.465858
4.9837136
4.1066103
4.03749
4.827846
4.095257
3.5291095
4.411318
3.5079386
5.4474983
5.688292
3.7135592
4.7077007
6.582857
6.5927725
6.588334
6.8706145
7.008989
6.93563
7.060151
6.944687
6.7910748
6.8873777
6.718889
6.6541204
6.60851
6.4911375
6.917124
6.5367427
6.685493
6.737581
6.6946373
6.5874214
6.5340242
6.406279
5.750668
5.2856746
5.3104377
4.727552
4.9450536
4.5338373
4.4998536
4.172152
4.356564
4.2742324
4.504796
4.487573
4.2430034
4.2593293
4.1592684
6.9196606
6.080509
4.387653
4.0611215
4.049408
3.7037053
3.708416
4.965982
4.4462733
3.5782938
4.0068774
4.96048
3.6420376
4.9724116
5.3990183
3.78291
3.8479748
4.4841857
4.3639402
3.8205464
4.829505
5.0775714
4.994665
5.130391
5.1216984
5.3802266
5.6287107
5.9722557
6.0737257
5.1224866
4.369935
5.253832
5.2555933
5.6550074
5.6325703
5.6167297
5.616747
5.420297
5.4521933
5.617241
5.663354
5.5985913
5.52529
5.4763274
5.433788
5.3495846
5.457572
5.51586
5.4554176
5.511981
5.5370817
5.462083
5.3644714
5.111522
5.163854
4.892357
4.596976
4.9283915
4.813435
4.7559485
4.6271734
4.693768
4.8380833
5.110331
4.8347206
4.805121
4.627813
4.3516054
4.554114
4.430134
4.581177
4.4648952
4.54085
4.81458
4.5387177
4.407079
4.6632657
4.3082976
4.4352727
4.587595
4.48481
4.304966
4.3116426
4.3341756
4.15598
4.195235
4.3112617
4.3170652
4.3108177
4.3339205
4.255061
4.259705
4.2919664
4.220217
4.1190214
