10000
8.851253
8.706132
8.68597
8.777188
8.732116
8.608468
8.645036
8.58734
8.544391
8.197607
8.051714
7.809586
7.999903
7.995865
7.782754
8.088656
8.06632
7.6870894
7.300668
7.2119513
7.10421
7.1560645
7.2407417
7.646029
7.723392
7.983245
8.171357
8.330762
8.183052
8.145473
8.275828
8.11967
8.048777
7.8294306
7.9825945
8.243709
8.281987
8.063135
8.14825
8.103981
8.233059
8.132228
7.995799
7.97167
7.582512
7.65467
7.6266704
7.937797
8.374262
8.347679
8.230072
8.089749
8.135331
8.385316
8.426289
8.499561
8.549294
8.367847
8.395484
8.193283
8.108818
8.296946
8.071793
8.084263
7.6676188
7.827479
7.6924953
7.82449
7.7081165
7.9834447
8.204027
8.138638
8.189332
8.274324
7.92817
8.279177
8.571637
8.563184
8.426595
8.279218
8.297515
8.392159
8.189753
8.225504
8.026101
8.116223
8.218504
7.6852846
7.7391744
7.547434
7.687611
7.9617257
8.358667
8.2307415
8.510767
8.186505
7.769877
8.358397
8.158451
7.737766
7.766202
7.6677527
7.682916
7.0978994
6.6059117
6.1657457
6.3327594
5.9560313
5.3985734
5.6465936
6.0810366
5.7124414
5.4962015
5.0343447
4.7007475
4.3860335
4.5397205
5.062861
5.371168
6.2211223
6.419052
6.158319
5.735371
5.238889
5.4804196
5.677278
5.4124074
5.773625
5.687385
5.5782475
5.5581155
5.163584
4.607332
4.6128597
4.1449447
4.708469
4.899315
5.0738325
4.924623
4.9794703
5.057656
4.927513
5.120521
4.959156
4.931982
5.069548
5.0550523
5.2286315
5.0069346
4.8508415
4.9969344
4.9987636
4.8826895
4.967644
5.0615754
5.012188
4.970187
4.8780565
4.926666
4.9963756
5.077618
4.945759
4.900794
4.9904747
4.967887
4.9725995
5.0818906
4.8957815
5.049208
4.910036
4.8822737
4.8989716
4.885348
4.888973
4.911231
4.8859186
4.921503
4.8863277
5.03323
5.1674533
5.179062
5.507305
5.5197496
5.456503
5.5277643
5.5415845
5.6889424
5.6269674
5.6503644
5.775846
5.616681
5.6757493
5.607218
5.652474
5.7604885
5.5778723
5.6747055
5.6301365
5.823022
5.8397627
5.753827
5.8054123
5.732753
5.6776032
5.736294
5.49949
5.7702723
5.7763095
5.8766613
5.8065352
5.884899
5.8970633
5.7576795
5.6009407
5.427738
5.6599474
5.6836224
5.5088224
5.653247
5.38613
5.601516
5.5533247
5.517055
5.6309104
5.5452027
5.5707088
5.661357
5.5575747
5.4859476
5.6287193
5.4893913
5.50351
5.5214357
5.498435
5.700473
5.531711
5.596388
5.430128
5.5591216
5.450196
5.5584435
5.523104
5.4123454
5.360136
5.3444786
5.5441246
5.5283265
5.385826
5.5604587
5.3929224
5.5465956
5.405795
5.3901463
5.367717
5.2772236
5.606664
5.317339
5.369603
5.403123
5.324071
5.350378
5.3599796
5.379764
5.407045
5.1891565
5.368267
5.3949633
5.3362556
5.3978763
5.2027597
5.36003
5.319414
5.3091702
5.203896
5.1891847
5.249091
5.3910093
5.198201
5.343814
5.1314526
5.218812
5.110502
5.131711
5.2689033
5.162705
5.198136
5.2062635
5.1957536
5.108844
5.074662
5.141231
4.9788227
4.8354864
4.850682
4.358332
4.4196863
4.2690773
4.2965627
4.2624497
4.332433
4.2960606
4.198993
4.2808127
4.223543
4.360232
4.261121
4.3714957
4.386719
4.2901106
3.6987123
6.89361
6.949543
7.0591416
7.0806165
7.2223396
7.4577837
7.234762
7.2103367
7.0955253
7.2955556
7.2594423
7.418256
7.654514
7.5115957
7.5380163
7.921003
7.82829
7.6421127
7.7153454
7.456616
7.5127897
7.5222726
7.784549
7.735024
7.46366
7.3537364
7.1639524
7.388472
7.3527436
7.217728
7.322938
7.2407475
7.1569705
7.363133
7.4551487
7.459326
7.5190387
7.602889
7.3775353
7.4177585
7.5069222
7.633879
7.6627545
7.548609
7.4608283
7.494788
7.4561133
7.383022
7.1943426
7.2384105
7.4412313
7.5347443
7.492684
7.630997
7.551816
7.559492
7.345452
7.565025
7.6577663
7.3912983
7.272824
7.157938
7.394571
7.5213575
7.5408473
7.5817685
7.5678945
7.6510077
7.629746
7.5745645
7.6940074
7.521817
7.373418
7.4721723
7.806044
7.6752963
7.69024
7.57431
7.555217
7.5011406
7.6654634
7.6475224
7.5677977
7.3892164
7.416972
7.4925747
7.811844
7.8693695
7.723404
7.5239635
7.6251144
7.6439247
7.914889
7.790731
7.4557405
7.0852304
7.327544
7.35404
7.319498
7.444368
7.469492
7.4454775
7.604565
7.4341764
7.666294
7.325945
7.3069224
7.3092937
7.479353
7.7704973
7.8555183
7.872803
7.6675415
7.8214283
7.748825
7.7388067
7.3743873
7.4496946
7.2484307
7.476781
7.580447
7.3961444
7.469807
7.505031
7.5507503
7.6471453
7.7035537
7.7416964
7.4695096
7.4461336
7.29184
7.627216
7.8515563
7.827954
7.658946
7.6725845
7.7742605
7.849439
7.6869636
7.5497055
7.2974215
7.2223296
7.299325
7.4948077
7.5647473
7.40959
7.557622
7.5352383
7.4964237
7.520976
7.63857
7.3869414
7.379744
7.4565654
7.414599
7.636069
7.8097534
7.5978627
7.7565446
7.5790505
7.476544
7.4621263
7.434922
7.5579395
7.3011003
7.1971903
7.5057516
7.7500734
7.88779
7.7076397
7.5907536
7.4891033
7.6229696
7.4490485
7.456893
7.35314
7.4153504
7.2353544
7.08316
7.409309
7.670283
7.3747025
7.57001
7.2749143
7.554731
7.2769666
7.4283175
7.061137
7.099346
6.9734344
7.0720778
7.44907
7.5516143
7.3566456
7.3176637
7.481615
7.5298095
7.453448
7.421979
7.6906257
7.471126
7.432863
7.662627
7.903941
7.6902814
7.7612324
7.5010996
7.7563686
7.8372445
7.7495117
7.6671596
7.7941394
7.3562784
7.0920177
7.358117
7.473289
7.296773
7.3499217
7.392134
7.338434
7.2227135
7.12631
7.1621027
7.062829
7.1041484
7.0926595
7.100593
7.217892
7.329192
7.3054333
6.9556065
7.095277
7.1299696
7.269122
7.2466483
7.279644
7.0710692
7.014346
7.3724017
7.4254556
7.407213
7.4985533
7.4449654
7.3916655
7.4796953
7.4121413
7.42116
7.1888304
7.059104
7.189466
7.106602
7.1838746
7.1968017
7.0891786
7.265417
7.2931676
7.267738
7.119063
6.9738994
6.8648562
6.5630217
7.019467
7.2458806
7.2049465
7.306043
7.420924
7.4616513
7.666733
7.5354156
7.518539
7.4177055
7.260161
7.3385487
7.4576826
7.7317395
7.6058116
7.8495584
7.4929924
7.5147414
7.0063667
7.3982625
6.979963
6.850914
6.6025834
6.9365926
7.095823
7.328812
7.387033
7.426136
7.3868003
7.353266
7.4331665
7.5047336
7.548169
7.4573364
7.1661887
7.3506174
7.5293856
7.5334215
7.6792364
7.6787724
7.443473
7.4876842
7.6287904
7.69573
7.735527
7.4597764
7.23958
7.32226
7.706944
7.5560465
7.611966
7.3523016
7.32153
7.297424
7.4427
7.33895
7.5109186
7.005017
6.923815
7.151349
7.4163895
7.681866
7.8604183
7.711147
7.488885
7.5574117
7.5364127
7.8968964
7.583497
7.176974
7.1163406
7.350472
7.690165
7.415072
7.4747357
7.307805
7.282801
7.5049815
7.5950723
7.4764175
7.308932
7.4513516
7.5082097
7.9604893
7.745768
8.0350685
7.764325
7.6810365
7.4929996
7.5649133
7.810874
7.6502976
7.6469755
7.36082
7.506777
7.761458
7.829152
7.471371
7.5552006
7.5509405
7.425051
7.545969
7.6825743
7.6002326
7.531661
7.328422
7.550066
7.824106
8.162568
8.120617
8.122757
7.9719057
7.981092
8.073664
7.9141617
7.7523193
7.5026507
7.452243
7.6179934
7.839882
7.6988454
7.534769
7.4114933
7.6158633
7.6323566
7.8028417
8.028534
7.6066666
7.489388
7.323067
7.8112335
8.095686
8.202893
8.210807
8.008186
7.945696
8.073612
8.005741
7.603131
7.5379357
7.478122
7.798503
7.9418206
7.8225102
7.688224
7.665892
7.724974
7.7864156
7.9696307
7.8668804
7.7023196
7.645237
7.8559904
8.206409
8.319202
8.288157
8.262056
8.315522
8.4355135
8.311463
8.209174
8.06014
7.9581995
7.7119713
7.824699
7.794062
7.7388153
7.551312
7.4955587
7.626789
7.7600646
7.783697
7.875554
7.670948
7.613238
7.8750744
8.154791
8.105793
8.026294
8.114724
8.116219
8.176116
8.214812
8.309287
7.953659
7.6619883
7.678146
8.031216
7.7265196
7.7604494
7.908805
7.8564773
7.7596107
7.769753
7.921123
7.980359
8.053891
8.079149
7.696323
7.949048
8.228134
8.288689
8.0925
8.00885
8.071549
8.0842285
8.204786
8.37172
7.816546
7.8491707
7.681226
7.6525645
7.6919084
7.5517955
7.4952354
7.7340345
7.7108555
7.7686963
7.742931
7.8505487
7.533607
7.413898
7.5363317
8.002474
7.933736
8.003274
7.8155355
7.7350883
8.073004
8.218154
8.10299
7.7526793
7.878645
8.043198
8.201414
8.063801
7.94489
7.944886
7.8332024
7.938731
7.798698
7.923044
7.9710507
8.020479
7.9849696
7.8861623
7.9493303
8.246414
8.177704
8.072959
7.9689603
8.015634
8.056956
8.072717
8.099111
7.8570485
7.9898357
7.8166595
7.6478686
7.900474
7.975275
7.804567
7.7870917
7.812727
7.969312
7.9515796
8.15451
8.097722
8.060632
7.845811
8.058086
8.145551
8.28197
8.104888
8.0265665
8.244391
8.105084
7.9828243
8.061922
7.9760923
7.910594
8.33455
8.005001
8.136679
7.967859
7.987351
7.9829783
8.06889
8.163848
8.240511
8.091289
7.9744606
8.0523205
7.7231274
7.8902698
7.90851
7.8569493
7.8139806
7.9544783
8.0377445
8.025019
7.8550706
7.949993
8.288693
8.042941
8.116755
7.818768
7.66348
7.450913
7.498741
7.532845
7.841444
7.967551
8.06741
7.885627
7.842998
7.6643553
7.9394484
8.054159
8.062518
7.9440126
7.8149233
7.6943254
7.7037816
7.7702565
7.8335495
7.657223
7.298556
7.517783
7.5906506
7.3632
7.2884026
7.3681736
7.4358273
7.4967303
7.536168
7.3939743
7.5780325
7.674487
7.3150053
7.0269666
6.9099503
7.2192755
6.720616
7.0543275
7.152354
7.175717
7.2528386
7.2437887
7.128805
7.212295
7.5091443
7.278852
7.5917115
7.510481
7.667165
7.6785746
7.7052755
7.557606
7.260083
6.9483075
6.9557037
7.3134975
7.15365
7.297089
7.2257085
7.340682
7.4374533
7.453452
7.306798
7.026686
6.899026
7.2356796
7.2317843
7.149141
7.213832
7.4368806
7.516959
7.4599247
7.1204786
7.0163403
7.24265
7.3413987
7.7522955
7.8451705
7.9293537
7.821914
7.8274226
7.6775203
7.7574625
7.6883597
7.7686133
7.913291
7.3793206
7.3903027
7.290451
7.1334844
7.189828
7.1962347
7.2493935
6.9827604
6.930426
7.039194
7.128923
7.2155724
7.0882425
7.227928
7.244222
7.3209705
7.0155206
6.952896
6.8002586
6.8466845
7.0360746
7.190702
7.3546495
7.3576117
7.2576
7.419543
7.4936943
7.5059223
7.2816024
7.0868673
6.6597853
7.127815
7.4644856
7.2690363
7.2988005
7.324713
7.161551
7.1209717
7.1241617
7.2321277
7.3444505
7.3496795
6.83349
7.216321
7.2728696
7.3461905
7.435201
7.436738
7.2039614
7.134665
6.7500463
6.9909143
7.282762
7.3826294
7.3270345
7.6162515
7.551113
7.5115914
7.5977197
7.5512834
7.465597
7.458407
7.36969
7.3180666
7.037929
7.4433165
7.438976
7.4214387
7.375849
7.477113
7.313446
6.986818
7.149248
6.8539886
6.675446
6.878797
7.452217
7.4499536
7.512575
7.3960967
7.204582
7.0834746
7.006821
6.9895706
6.995164
6.818976
6.7945533
6.736441
7.0184712
7.1738625
7.0418453
7.1047993
7.119568
6.9040623
6.9196787
6.7269616
6.9816713
6.651624
6.890182
6.879998
7.0991774
6.985806
6.7192
6.660864
6.6314397
6.715425
6.7725096
7.0088134
7.153567
7.018968
7.0892158
6.7143307
7.154191
7.105711
7.0036025
6.913126
7.010218
7.208763
7.475091
7.6840405
7.43551
6.95387
6.420191
6.48248
6.6358576
6.8203235
7.1172066
7.2356877
7.520253
7.5522695
7.59232
7.9151006
7.9512796
7.865272
7.8383164
7.5717573
7.205619
7.172694
7.0625772
7.0868225
7.054968
7.058074
7.316267
7.348782
8.067097
7.8005743
7.4458184
7.546606
7.55381
7.325096
7.2007008
6.9575768
6.8836102
7.0291576
7.161023
7.5277023
7.775452
7.634464
7.5904884
7.2592645
6.825096
6.6077747
6.676918
6.5608416
6.4486556
6.652308
6.6786175
7.020037
7.1452837
7.2042723
7.427826
7.328034
7.136364
7.228742
7.0319858
7.002527
7.100866
6.977093
7.478275
7.5580606
7.545796
7.392208
7.211603
7.042218
6.679578
6.68526
6.63562
6.2195225
6.2731795
6.4380693
6.636475
6.746786
6.986251
6.9482927
6.9975376
7.047449
7.3532495
7.079509
6.7941074
6.7295012
6.8975744
7.128838
7.155302
7.2763653
7.0036607
6.765193
6.612342
6.691601
6.8096685
6.273976
5.767371
5.915544
5.847126
6.0871964
6.2591715
6.6761885
6.593145
6.3941784
6.5775523
6.9560843
6.8494873
6.7318115
6.479659
6.61232
6.6154013
6.774061
7.11043
6.949493
6.737212
6.81481
6.681689
6.2514205
6.272401
6.1230545
5.9069076
5.3962655
5.634309
6.0053935
6.0097647
6.528006
6.928406
6.75838
6.751838
7.1197777
6.969904
6.749068
6.392016
6.4764524
6.763036
7.0878725
7.148554
6.9348583
6.8920627
6.5537033
6.525217
6.3817897
6.4585
6.319247
5.922462
5.7670827
6.3105702
6.230493
6.597709
6.657565
6.487539
6.522284
6.5219216
7.243922
7.120265
6.9605665
6.3696947
6.843557
7.138045
7.2841215
7.38428
7.166871
6.5794406
6.2372894
6.2772346
6.6162972
6.5359445
6.0604043
6.209502
6.293379
6.4018025
6.510044
6.514317
6.3029556
6.2837095
6.1091976
7.201357
7.0740914
7.1760483
7.1519413
7.0591598
7.0790405
7.1005907
7.1278954
6.944002
7.0246806
6.212504
6.234973
6.3961663
6.4509225
6.1470494
6.1338553
6.2161098
6.3477364
6.862726
6.7333136
6.284688
6.1512303
6.3351536
6.832506
6.8273306
6.5571594
6.656655
6.6616845
6.7426395
6.8624153
7.020426
6.751177
6.299381
5.8980784
5.701058
5.734782
6.058411
5.793623
5.348575
5.313081
5.587779
5.806154
5.889948
6.2212176
6.171395
5.8727684
6.022044
6.0548344
6.201784
6.415439
6.3988256
6.4221396
6.333031
6.8145046
6.7544594
7.2788525
7.038461
6.706941
6.157916
5.682679
5.5405273
5.9610777
6.0159073
5.990634
6.0590587
6.459532
6.428209
6.638763
6.564733
6.303605
6.0845075
6.184642
6.233544
6.407049
6.906864
7.2032332
7.2032757
7.273183
7.3542542
7.425142
7.1719213
6.397371
5.9417243
5.477376
5.2466593
5.733409
5.838484
5.822897
5.8139353
6.116942
6.394404
6.446558
6.3532376
6.0481677
5.9173017
6.539494
6.8160963
7.188868
7.241052
7.202653
6.8979216
6.8990145
7.1305933
7.1981416
7.0350113
6.29002
5.769115
5.621464
5.742682
6.0190797
6.152848
6.2856708
6.493446
6.361078
6.1351323
5.824767
5.718132
5.8890805
5.846358
6.303866
7.0414276
7.1931453
7.3741055
7.2581325
7.131263
6.9495244
6.734249
6.244817
5.875887
5.862486
5.9946775
5.654987
5.799687
5.7810144
6.0235324
6.2813888
6.2925143
6.2269707
6.0264516
6.0797386
6.301603
6.0852723
6.5373006
6.617017
6.732872
6.6776037
6.830138
6.9770255
6.7266817
6.6085234
6.0191994
6.0376873
5.9387016
6.3378234
6.6063247
6.549593
6.3545327
6.816566
6.934561
6.9353533
7.0078034
6.8494797
6.908345
6.7645154
6.9134655
7.311688
7.1031313
7.0786095
7.147207
7.24463
7.3122063
6.846686
6.838866
6.9627876
6.915639
6.898913
6.8146186
6.8040957
6.557107
6.792657
7.2333117
7.531651
7.6914682
7.289216
6.8649683
6.7150593
7.072546
7.02802
6.987752
7.080747
7.0011444
7.198298
7.0002832
7.094257
6.842769
6.476001
6.230711
6.0564904
6.180508
6.3065367
6.5274944
6.5656757
6.708689
6.606257
6.7000184
6.7837214
6.522661
6.202374
6.201543
6.1672006
6.1738157
6.3303585
6.073819
5.782628
5.862383
6.360746
6.434695
6.302114
6.417076
6.2292943
6.031197
6.543646
6.4916306
6.75993
6.631544
6.395199
6.473196
6.6016927
6.427201
6.347289
6.200532
6.6827784
6.4423547
6.848774
6.8844624
6.419458
6.013397
6.256008
6.3320465
6.4268713
6.554466
6.662485
6.604125
6.5701647
6.466735
6.5564933
6.509264
6.3852096
6.0180492
6.4080772
6.4943056
6.620107
6.821765
6.4821186
6.0687337
6.3859267
6.6364985
6.527601
6.682562
6.3075304
6.438146
6.5664406
6.7233677
7.0391254
7.2163916
6.9376974
6.76542
6.574986
6.813528
6.5069437
6.7079782
6.684078
6.746727
6.918851
7.0556593
7.2288194
7.099073
6.8274393
6.8613424
7.200208
7.1741548
6.973155
6.8927555
6.6668944
6.7427616
7.095672
7.3676972
7.443327
7.398765
7.0748873
7.3061056
7.129535
6.6543784
6.7654066
6.8452983
6.906536
6.896673
7.0689063
7.2171073
7.1733103
6.6750855
7.20018
7.1874127
7.254015
7.3485866
7.4715652
6.9815273
6.7991285
6.992185
7.514105
7.611174
7.359823
7.3593793
6.997762
6.948468
6.8215585
6.66166
7.0431867
7.0601897
7.18226
7.169572
7.061198
6.9202476
6.6156187
7.02168
6.980833
7.007094
7.315242
7.565006
6.887887
6.696761
6.779028
7.048114
7.215033
7.0734344
6.911387
6.9965496
6.7329316
6.9815693
6.883503
7.2400255
7.2712398
7.0707903
7.025055
6.919501
6.548826
6.8047466
7.0201654
6.8594217
7.044041
7.3965797
7.2100625
6.91423
6.645982
6.552976
7.1707177
7.379419
7.1709466
6.9285445
6.882055
6.8471384
6.3825555
6.918499
6.774826
6.8874345
6.823266
6.680804
6.3632507
6.348553
6.960306
7.1455874
7.2773504
7.3397856
7.29189
7.0668926
6.81263
6.608054
6.519349
7.112705
7.272643
7.2365284
6.968414
6.857126
6.6046224
6.9088
7.188447
7.0545483
7.214993
6.9848204
6.6523123
6.3490133
6.7795677
7.453742
7.2782407
7.471993
7.496688
7.1044817
6.7904725
6.718162
6.6162853
6.6902065
6.977304
7.069363
6.8629637
7.239865
6.978522
6.594713
6.5725174
7.053441
7.2737207
6.8315754
6.6080174
6.515928
6.8733616
7.0915747
7.1558247
7.2195234
7.30327
7.2359867
6.8893023
6.679474
6.5375414
6.5175347
6.615205
6.6673026
6.694207
6.7784576
6.901321
6.8985
6.549473
6.7798734
6.9782367
6.6941214
6.5251274
6.141767
6.095454
6.3535814
6.748015
6.968461
7.0401535
7.010618
6.8911266
6.6300163
6.6973248
6.3609548
6.2619214
6.422612
6.598028
6.905263
6.872839
6.756259
6.299515
6.2186193
6.645613
6.6099086
6.798824
6.332999
6.14141
6.12469
6.6093397
6.926828
7.058904
7.1692953
7.0367765
7.101319
6.9782877
6.812889
6.590494
6.6337056
6.731349
6.945726
6.8658185
7.209806
6.9005
7.0329533
6.602596
6.622649
6.8934755
6.6478477
6.7653756
6.48814
6.733855
6.5704756
7.000362
7.15724
7.286395
7.2321076
7.2219706
7.030686
7.0139356
6.9109507
6.826928
6.6369705
6.8691716
6.9422617
7.1426516
6.9522076
6.95353
6.828088
6.375062
6.491228
6.5159802
6.682874
6.390106
6.772481
7.1582537
7.1979637
7.5053716
7.3958287
7.12185
7.1464157
6.9224205
6.834952
6.79347
6.642584
6.709037
6.911391
7.1532974
7.2324395
7.2604065
7.1891704
7.0794754
6.7124314
6.559667
6.3962464
6.5749655
6.8206143
6.7247725
7.0750523
7.1804676
7.2157226
7.4995275
7.0650187
7.187734
6.8525543
6.591749
6.6014633
6.5274143
6.6521115
6.8889284
6.9928064
7.088653
7.201295
7.423039
6.9901953
6.686207
6.3077283
6.3821216
6.4606853
6.6650457
6.9073973
7.2612414
7.1136785
7.2886653
7.4310646
6.9513507
6.9310303
6.9590697
7.0115566
6.8486753
6.9603415
6.8056583
6.8681564
7.1022606
7.1844015
6.9813423
7.0498133
7.013692
6.848169
6.6833453
6.2647038
6.4028425
6.425741
6.277264
6.659269
6.9603558
7.137517
7.2435565
7.036232
7.1611733
7.005577
6.9055877
6.8981233
6.9839926
6.794433
6.791753
6.939523
6.9100456
7.0011663
6.5782914
6.890037
6.7139316
6.3762984
6.3425865
6.21261
6.1126466
5.967943
6.1909237
6.4767685
6.626975
7.195292
7.056961
7.0195913
6.979713
6.89485
6.870866
6.7794952
6.689017
6.94396
6.8194575
6.886431
6.786312
6.5180616
6.3594766
6.401747
6.2542477
6.195206
6.263279
6.284143
6.0621
5.8807955
5.964013
6.3442917
6.382932
6.7134886
6.4967394
6.871397
6.65845
6.6158094
6.697795
6.6593757
6.6213074
6.6057787
6.4851465
6.6909866
6.365435
5.799872
5.744857
5.4987974
5.3020883
5.8474684
5.8557997
6.0794225
6.1697664
6.008665
5.7712564
5.726928
5.826255
6.194462
6.427414
7.0684457
7.214648
7.026709
7.186224
7.28905
7.181735
7.0138164
6.9559255
6.944809
6.991663
7.117626
7.001421
6.8874106
7.1520634
7.5690184
7.600136
7.463545
7.456238
7.561558
7.3977113
7.2262526
7.178788
7.078213
7.2494535
7.466321
7.441808
7.3169975
7.3078613
7.1904006
6.9593105
6.7421627
6.569915
6.7373343
6.795485
6.6718965
6.421888
6.329017
6.345127
6.427533
6.2609043
6.6053004
6.7831163
7.0550027
6.9373474
7.1343594
7.5478992
7.0571084
6.835581
6.795515
6.5876412
6.6199627
6.5070314
6.399312
6.3216
6.3265343
6.4367404
6.6060586
7.0650625
7.142295
7.303649
6.8800573
6.596783
6.1358433
5.610635
5.7071004
5.5980616
5.484573
5.5259757
5.6522875
5.7433686
5.5523586
5.6150455
5.801921
5.721673
5.8342934
5.690613
6.210429
6.0572724
5.6861877
5.4014425
5.095035
4.9185457
5.153364
5.429936
5.462425
5.637533
5.598707
5.1718044
4.853902
4.5887613
5.0196776
5.3342133
4.906193
4.6501584
4.241993
4.4620156
5.2055225
5.7224727
6.0480237
5.914748
5.8797092
5.821517
5.723367
5.6814513
5.3731966
5.0023785
5.0049047
5.1429176
5.7960567
6.2156377
6.043857
5.744113
5.3365335
5.0105457
5.640853
5.51478
5.17187
4.840246
4.8660765
4.9850035
5.501838
5.9930863
5.9651537
6.1684976
6.05863
6.018852
5.8653126
6.1263103
5.706199
5.4616494
5.3163333
5.386101
5.4194064
5.823452
5.562585
5.0588093
4.8328505
4.4343343
5.168625
5.8589816
6.0675035
5.9196777
5.3146014
5.3269687
5.484038
5.5962777
5.4983697
5.7453494
5.6006002
5.5574937
6.390149
7.0705595
6.6570272
5.857191
5.7749867
5.6793084
5.8506303
6.5024877
6.358408
6.573047
5.733879
5.358863
5.3839016
6.233309
5.8991637
5.29227
5.122081
5.0704703
5.416633
5.997054
6.090661
5.653117
5.569231
5.719185
6.689921
6.65762
5.6780634
5.566053
5.449078
5.613727
6.177971
6.53793
6.3503585
6.1618695
5.558869
5.1355753
5.881622
6.2190857
5.763779
5.4914274
5.476763
5.8237514
6.065835
6.016334
6.080378
5.6253786
5.654932
5.8681226
6.700826
6.84256
5.884137
5.563763
5.475183
5.4583926
5.6438775
6.2393723
6.333296
5.818152
5.6651177
5.593643
5.0998406
5.154223
5.946402
6.0208097
5.8365197
5.4487405
5.237697
5.440159
5.6223855
5.795907
6.6061907
6.392832
6.1411247
5.60165
6.1945953
6.5719266
6.5817103
6.21662
5.9298882
5.5861607
5.208117
5.639064
5.9911633
6.0673437
6.153246
5.85927
5.98289
5.7064586
5.3640566
5.2953916
4.921547
5.4346046
5.93118
5.60324
5.4411297
5.2723393
5.3373675
5.1127043
5.282076
5.658467
6.139941
6.3543224
6.2144003
5.8706355
5.9008174
6.5212455
6.8241825
6.1682177
5.9411836
6.1538
6.096252
6.2006345
6.144859
6.155792
6.3172417
6.4878945
6.455966
6.2105927
5.996677
6.0713806
6.08412
6.114247
5.814519
5.6537237
5.472879
5.7140684
6.2061963
6.465463
6.5273895
6.490656
6.330145
6.565008
6.696063
6.7903705
6.475429
6.522145
6.4601555
6.4499416
6.688867
6.8020515
6.8578577
6.9533
6.6793356
6.9524403
7.114879
6.7088237
6.8868976
6.7939115
6.681103
6.6941943
6.7536964
6.5224094
6.900682
7.1080484
6.9736214
6.9897604
7.2792025
7.042506
7.2750807
7.280053
7.224739
7.087039
7.054885
7.220074
7.1007123
7.4152517
7.333946
7.1731596
7.053995
6.925624
6.7702494
6.843063
6.8490376
7.029489
7.2831445
7.6315165
7.456916
7.698681
7.558093
7.720949
7.3742137
7.1483245
7.216438
7.281955
7.200781
7.3396225
7.0112467
7.1804333
7.3578973
7.242573
6.8186135
6.5844927
6.481699
6.4673853
6.383957
6.483643
6.6953797
6.9168797
7.084939
7.079339
7.1132298
7.0743685
7.207863
7.196332
7.021648
6.949588
6.71994
6.6538887
6.847439
7.016489
7.2158813
7.062574
7.160224
7.226267
6.724698
6.8913016
7.08135
6.985759
6.7438626
6.8190813
6.978463
7.172317
7.305013
7.68662
7.3737364
7.3815546
7.4872293
7.5332804
7.4948325
7.578002
7.3086576
7.1847672
7.1003666
7.094702
7.176629
7.562351
7.9343433
7.9380636
7.3958893
7.478419
7.701871
7.736088
7.4039297
7.2953243
7.598188
7.9039736
7.956343
7.7487926
7.432845
7.372114
7.600162
7.3595943
7.31396
6.9787393
7.1250095
7.2039785
7.239051
7.1040297
7.5313425
7.8861103
7.9646087
7.6256313
7.2011347
7.2107487
7.4650326
7.2044363
7.209576
7.128496
7.40189
7.858283
8.112928
7.895649
7.3615327
7.440842
7.4914536
7.8140917
7.7943344
7.4452095
7.21167
7.2573457
6.8208475
6.8560653
7.1948385
7.4383097
7.542943
7.2237926
7.4131284
7.462199
7.4732013
7.1806
6.8425493
7.0412226
7.259233
7.622569
7.649489
7.3817463
7.1043773
6.953387
7.3806667
7.9195137
7.6540656
7.5172253
7.4168386
7.220136
7.2774916
7.298409
7.682383
7.9420333
7.5927258
7.441472
7.3574014
7.2933507
6.962249
6.92384
7.063291
7.4320555
7.6526713
7.9022665
7.7891755
7.8734717
7.6184745
8.037372
8.235324
8.128241
7.850032
7.8061028
7.6700516
7.8659225
7.6405745
8.07188
8.226683
7.9300776
7.395197
7.554365
7.495864
7.174899
6.958403
7.203229
7.3037763
7.560081
7.758069
7.185156
7.1476955
7.12597
8.068437
8.008943
7.6720634
7.591256
7.525575
7.4572716
7.614892
7.6196218
7.712902
7.8446355
7.5035357
7.2608256
7.1518345
7.004407
6.9862595
7.0366545
6.7833896
6.829269
7.0535336
7.1091814
6.4800935
6.7893095
7.0987935
7.3270693
7.2129135
7.059834
7.166036
7.2524724
7.211069
7.002741
7.469997
7.518387
7.4965067
7.727779
7.356187
7.231196
7.2941756
7.1080713
7.2306256
6.9165163
6.9929867
7.0860586
7.0070353
6.68044
6.624407
7.039866
7.910387
8.030002
8.010965
8.064941
8.017132
7.798395
7.80214
7.6573725
7.751355
7.543772
7.5736394
7.2907257
7.273988
7.6397996
7.628949
7.3687363
7.634827
7.477234
7.2945127
7.5739717
7.5865192
7.4239717
7.1716948
7.1686673
7.586732
8.051838
8.292013
8.227845
8.015994
7.944007
7.9418406
7.992972
7.869747
7.696922
7.791459
7.8176646
7.623223
7.398796
7.417829
7.3520007
7.281459
7.3194804
7.1486344
7.334299
7.2441015
7.0086074
6.8306727
6.927283
7.0648985
7.606023
8.049359
7.962924
7.9623847
8.037981
7.8253093
8.030598
7.7945337
7.963365
8.198775
7.698034
7.099924
7.4235473
7.4916024
7.437768
7.258011
7.2118387
7.0532355
6.9870944
6.9726377
6.9152865
6.6311193
6.867813
7.4732304
7.712269
7.8025846
7.710458
7.775761
7.856018
7.856479
7.9542656
7.929163
7.8528357
7.704831
7.5598083
6.8415756
6.9951067
7.3939166
7.4876113
7.7440047
7.502162
7.2381907
7.2833896
7.2554703
6.850367
6.4759297
7.1712017
7.202665
7.8567405
7.7190905
7.7094913
7.4767685
7.448887
7.5329514
7.596102
7.654948
7.697859
7.5940304
7.3490267
6.6832623
6.763549
7.3066916
7.043564
7.38313
7.336069
7.2699013
7.1199837
7.1583266
6.7660847
6.7993207
7.168679
7.600704
7.749665
7.7840543
7.5962896
7.7496305
7.6141505
7.6128983
7.52238
7.5599594
7.5269523
7.435149
6.9802365
6.7856016
7.354908
7.1109886
7.3021755
7.3356905
7.321745
7.2873054
7.4094396
6.9242616
6.7788997
7.2773237
7.4164543
7.716543
7.854135
7.774441
7.83772
8.02712
7.9644365
7.8263845
7.6180096
7.679655
7.571214
7.4623055
7.0221868
7.176426
7.448164
7.49366
7.448863
7.333362
7.300479
7.254522
7.170143
6.8507175
6.79853
6.93796
7.0484486
7.112841
6.957108
6.672763
6.8887796
6.8929114
6.932162
6.9098268
6.574931
6.6427164
6.669299
6.472269
5.697028
6.3596706
6.6747704
6.6854134
6.5671983
6.582242
6.244175
6.0476456
5.751399
5.686617
6.174961
6.4740443
6.9406404
7.523017
7.4051986
7.0972576
7.435211
7.606181
7.1813154
7.2152324
6.893248
6.8232384
6.7125845
6.1796317
6.0249186
6.134017
6.2556815
6.3041754
5.894588
5.862686
5.899596
5.9474382
6.509617
6.3412266
6.6073837
6.8670616
7.0704217
6.8186417
6.7935257
6.8335857
6.7753534
6.619896
6.3692665
6.427523
6.391448
6.3615637
6.5302343
5.938632
6.058721
6.5504775
6.761172
6.9944715
6.991184
7.028801
6.906646
6.74216
6.358774
6.466566
6.893666
6.90285
7.1673646
7.1490946
7.329726
7.6427984
7.615726
7.599782
7.6818194
7.5664825
7.221822
7.1885643
7.071741
6.6322064
6.5995746
6.5732193
6.913016
6.8269663
7.125601
6.9077363
6.897891
6.7410946
6.6779585
6.2399216
6.665045
7.0516443
7.453617
7.464949
7.1971865
7.393791
7.424405
7.5512547
7.6384783
7.6547475
7.35789
7.262852
7.1900043
7.22775
7.036414
6.908747
6.7767253
6.933337
7.146662
7.2087765
7.1552496
7.3706675
7.109619
7.0687747
6.9524527
7.004494
6.910761
6.7429028
6.7184653
7.170304
7.006414
7.167393
7.059265
6.827955
6.5589375
6.667073
6.6046925
6.645818
6.5431566
6.408519
6.482651
6.6045585
6.521967
6.670904
7.0774903
6.926471
6.692731
6.7707596
6.950446
6.9797363
7.1877313
6.976747
6.6400642
6.5392294
6.5417747
6.282382
5.897251
6.127485
6.4914317
6.4180727
6.6247306
6.3308125
6.210702
6.523612
6.5328474
6.686259
6.6737905
6.7283473
6.637442
6.790203
6.8364573
6.9747458
7.296393
6.949155
6.3953953
6.2128696
6.197887
6.5058985
6.4359317
6.258079
6.082943
5.8107505
5.903886
5.522194
5.7101097
5.415493
5.493254
5.8371677
5.885929
5.6129675
4.934271
5.172552
5.39545
5.936901
6.242711
6.0090466
5.71432
6.0413837
6.2437277
6.205622
6.4829197
6.1417117
4.890373
4.61695
4.96853
5.9320526
6.119048
5.9480534
5.848461
5.585374
5.375296
5.505061
5.5102334
6.2146316
6.0102024
5.8162465
5.5170293
5.8275976
5.7356806
5.302477
5.4613023
5.3094845
5.679099
6.1491857
6.465078
6.212268
6.5405073
6.06753
5.708858
4.972951
4.879479
5.18553
5.7386045
5.2827187
5.001805
4.6209965
4.5047135
4.6541805
4.8307304
4.7565184
4.707508
4.4131646
4.6050167
4.2706676
4.07368
4.7734838
4.715559
4.6317515
4.8001146
4.833743
4.657498
4.5998616
4.728558
4.7446256
4.710766
4.821599
4.7569757
4.898566
4.738539
4.80091
4.741791
4.687725
4.597166
4.578088
4.7247114
4.709178
4.619172
4.751349
4.562649
4.677891
4.575341
4.610227
4.5982637
4.547829
4.577311
4.549747
4.5539203
4.659584
4.6582336
4.633489
4.5971837
4.479402
4.473345
4.509657
4.454273
4.5369377
4.566934
4.5585957
4.519904
4.670463
4.488723
4.5721188
4.626074
4.595576
4.6371813
4.573495
4.4675894
4.7696414
4.6416025
4.653867
4.651265
4.7280645
4.709903
4.7534018
4.7047634
4.7179155
4.751113
4.564867
4.8613796
4.835723
4.681137
4.648646
4.7737484
4.8375273
4.7968006
4.664221
4.7468987
