10000
8.673185
8.520366
8.483441
8.587858
8.5177145
8.541438
8.60868
8.540183
8.565332
8.6236725
8.622707
8.639724
8.599835
8.726898
8.628066
8.673755
8.620041
8.605516
8.686218
8.729242
8.692421
8.7076025
8.673704
8.750479
8.661445
8.790033
8.681704
8.760965
8.731801
8.727744
8.774385
8.726502
8.632942
8.627197
8.602906
8.600974
8.570158
8.671744
8.570486
8.61491
8.488907
8.429535
8.441039
8.401617
8.319712
8.163046
7.985464
7.6871715
7.6284785
7.6901374
7.442153
7.529266
7.5210686
7.6049514
7.504021
7.418623
7.344343
7.473081
7.5444193
7.707347
7.827726
8.066329
7.9308467
8.026827
7.903252
7.7441816
7.260262
6.801047
6.8199725
6.448991
6.144814
6.0004754
5.943231
5.8893547
6.0805454
6.093426
5.9822264
5.720567
5.6940093
5.2960596
4.914787
4.73242
4.8154864
4.860599
4.8232017
4.7957983
4.809985
4.7933846
4.7795224
4.718263
4.751298
4.8858514
4.8224196
4.8716793
4.7961345
4.888009
4.9268713
4.593086
4.5985737
4.6851373
4.689829
4.687539
4.62572
4.7222714
4.709755
4.81139
4.599668
4.6472898
4.5429883
4.634905
4.646331
4.6761346
4.7633157
4.64184
4.7357755
4.6821856
4.7726693
4.7491198
4.7153835
4.6608605
4.6662683
4.741991
4.666053
4.6725626
4.712439
4.671542
4.581155
4.61297
4.745061
4.740933
4.710438
4.757723
4.8250933
4.848273
4.8466086
4.9494753
4.8895826
4.829554
4.876192
4.925265
4.9143124
5.0591564
4.9190154
4.983344
4.899858
4.9222727
4.82971
4.9106274
4.8801174
4.905387
4.830125
4.8955755
4.8401966
4.8768024
4.8529263
4.915876
4.8805604
4.904513
4.8689294
4.846664
4.8693457
4.8676653
4.839133
4.8921623
4.839399
4.79099
4.858409
4.880641
4.788919
4.881281
4.846285
4.84522
4.819718
4.944023
4.8324637
4.912294
4.839462
4.9527555
4.906611
4.8847203
4.914767
4.854389
4.8386683
4.7919426
4.856401
4.8260384
4.8540044
4.890373
4.883505
4.925582
4.901121
4.9851446
5.0841146
4.953156
4.944233
4.9968085
5.0084567
5.0759788
5.0187955
4.9863353
5.028749
5.005855
4.9861403
5.0402613
5.045139
5.022279
5.0342426
4.9730496
5.022938
5.008421
5.0230293
4.99604
5.048752
4.951431
5.0032067
5.0058055
5.011533
4.9633727
4.9627914
4.941245
4.9821663
4.997043
5.0208106
4.9747605
5.0639663
4.981872
4.9997067
4.9803915
4.9951944
4.934628
4.987866
4.951807
4.960486
4.943479
4.965979
4.9400735
4.952204
4.931302
4.9536138
4.927235
4.9470186
4.9103546
4.912789
4.8909907
4.908668
4.891229
4.9043984
4.892706
4.9286265
7.0943723
7.09985
6.9118876
7.1090665
6.987189
7.0019464
7.010711
7.0537105
7.022505
6.9840975
6.9969893
7.0188403
7.1325536
7.098132
7.0652704
7.0618153
7.094176
7.137607
7.2013836
7.225995
7.199636
7.1740127
7.139614
7.316665
7.206911
7.2241755
7.170563
7.319799
7.143271
7.2600126
7.210426
7.273713
7.2753487
7.2730436
7.311052
5.126219
5.180291
5.075011
5.141585
5.128316
5.281905
5.4065585
5.45181
5.42161
5.372468
5.360918
5.2789087
5.2815113
4.288069
4.4849124
4.914967
4.909605
4.929462
4.910436
4.9769
4.92368
4.856191
4.907776
4.9385357
4.889046
4.928401
4.8667808
4.8765574
4.9008546
4.916829
4.884034
4.8671618
4.867567
4.952866
4.862962
4.9415092
4.866723
4.840573
4.8540998
4.895053
4.858578
4.857115
4.8603554
4.8730316
4.8652377
4.8631945
4.928087
4.9217453
4.9203343
4.893542
4.9004993
4.898688
4.8969526
4.871448
4.907984
4.907918
4.9546785
4.9687705
4.92197
4.9396505
4.900422
4.8916917
4.9037704
4.870467
4.901444
4.8920956
4.8994246
4.8863845
4.895408
4.887725
4.9034333
4.826905
4.966614
4.899523
4.9694643
4.8808813
4.918765
4.8859296
4.9584394
4.9789615
4.958734
5.010132
4.964683
5.0105543
4.902846
4.929863
4.9319563
4.9762425
4.91645
4.928941
4.88683
4.962096
4.9399385
4.91073
4.9006805
4.9627438
4.938574
4.979703
4.844183
4.908224
4.852117
4.8885407
4.7722535
7.0854626
7.087452
6.838228
6.894114
6.8696866
6.8032846
6.7504807
6.618874
6.53645
6.499265
6.4501047
6.435024
6.449027
6.4446945
6.3991537
6.450546
6.410487
6.5014753
6.4915686
6.714701
6.785322
6.7309513
6.8142776
6.8987293
6.9565835
7.0558677
7.0179734
7.0443625
7.092325
7.18609
7.24287
7.1630907
7.228616
4.713434
4.672351
4.699584
4.6033297
4.719345
4.854543
4.883686
4.8480415
4.7633953
4.834921
4.6922536
4.610693
4.640794
4.6619587
4.5951242
4.567972
4.3863974
4.463475
4.360078
4.395088
4.478006
4.4234324
4.3659368
4.392797
4.207644
4.345167
4.2249827
4.439506
4.3701353
4.363584
4.2939916
4.3393106
4.2352405
4.3844995
4.3057823
4.351579
4.4896216
4.4582777
4.440108
4.5313663
4.5655794
4.477761
4.3980694
4.5806646
4.4674006
4.563713
4.698403
4.839923
4.8122673
4.7421927
4.647378
4.6505923
5.1570063
5.039305
4.9461613
4.979957
5.166478
5.1758404
5.002754
5.1994667
4.98137
4.876416
4.7315364
4.625121
4.7348876
4.852239
4.741047
4.7026014
4.5719657
4.6818304
4.6442986
4.5248475
4.670477
4.7201257
4.6751127
4.804316
4.806167
4.725237
4.626403
4.6566405
4.570817
4.4596996
4.555007
4.413592
4.550039
4.7864037
4.9122925
4.753346
4.533183
4.692652
4.5963163
4.465234
4.402358
4.4165883
4.571081
4.5469866
4.3349147
4.2057066
4.2771144
4.080995
4.1219764
4.09598
4.1401405
4.14678
4.165246
4.408166
4.389045
4.443745
4.3308954
6.4121847
7.175295
7.2651987
7.3679514
7.280933
7.3599577
7.4394293
7.34194
7.460149
7.448086
7.51434
7.349507
7.437668
7.291643
7.284529
7.356391
7.35043
7.287483
7.413021
7.3160715
7.3902063
7.274764
7.3944697
7.2711363
7.298405
7.3570876
7.2520046
7.2456055
7.2284617
7.2325273
7.435259
7.3122044
7.378911
7.271325
7.276073
7.2011976
6.9104714
6.6797137
6.500785
6.5175576
6.3763914
6.1676745
5.9774203
6.014894
6.023663
5.9863305
6.111894
5.903081
5.6913633
5.7142153
5.7752256
5.3358665
5.168511
4.971355
4.8299503
4.740106
4.5626655
4.726597
4.9532204
4.8737426
4.998317
5.0368996
4.76643
4.6150303
4.679227
4.527388
4.5209913
4.568204
4.438682
4.5283422
4.3130903
4.155711
4.023362
4.5087266
4.501509
4.481867
4.5832496
4.6639585
4.8361206
4.9033723
4.9906826
4.9423876
5.014144
4.9179335
5.0643063
5.00209
4.992956
5.1311216
5.0139465
5.090356
5.0790296
5.087405
4.980805
5.0503445
4.9472218
5.096233
4.9303226
5.008835
4.924198
4.979191
4.9277368
5.0007877
4.9978366
5.1546793
4.998521
5.0467505
5.0197678
5.124262
5.003822
5.099092
4.995528
4.942999
5.0406036
4.7859387
4.900881
4.7111387
4.79018
4.501082
4.4772735
4.4516397
4.4128222
4.1154346
4.3076234
4.62373
4.5758734
4.858908
4.9325542
4.986848
5.0290775
4.944353
4.9257584
4.996265
5.023741
4.9872265
5.219908
5.2449927
5.217931
4.6709228
4.900032
4.033331
4.6140885
4.600259
4.5174155
4.4909816
4.5156
4.537566
4.5240235
4.531979
4.519758
4.5379
4.583513
4.603782
4.59261
4.6048384
4.6195993
4.636672
4.607657
4.6194754
4.561859
4.541791
4.4356594
4.454972
4.4004765
4.4350204
4.4308314
4.416459
4.4618826
4.3901925
4.399595
4.4561033
4.4254713
4.499215
4.4512653
4.45683
4.524949
4.443537
4.5100713
4.5715547
4.5048203
4.591059
4.5892797
4.6235743
4.6334248
4.6924787
4.6579814
4.679954
4.676458
4.72725
4.7402606
4.7333775
4.7298574
4.866003
4.802405
4.817
4.7985997
4.893644
4.842204
4.9077706
4.8537908
4.8777666
4.8663435
4.8857183
4.839789
4.82982
4.779555
4.7882724
4.7808166
4.746978
4.715589
4.741002
4.707692
4.636096
4.665036
4.6588507
4.6442184
4.5751314
4.5093436
4.6046734
4.6667786
4.7182484
4.5791407
4.547342
4.472884
4.4898157
4.463644
4.371149
4.49067
4.3924894
4.3774996
4.4498367
4.405352
4.441912
4.4120765
4.384568
4.465596
4.4683895
5.6113906
5.554918
5.5034494
5.47019
5.5964913
5.582614
5.5581245
5.4774976
5.492747
5.3426867
5.458967
5.3759227
5.4680395
5.3932056
5.3521442
5.442861
5.5097084
5.411344
5.444339
5.408455
5.423266
5.414439
5.419929
5.3778305
5.321191
5.424052
5.4138217
5.4019675
5.4390388
5.4412146
5.417158
5.543211
5.483893
5.5622277
5.438837
5.573451
5.4200687
5.6250024
5.4362597
5.5786257
5.5357256
5.502885
5.433118
5.47256
5.477458
5.345122
5.413517
5.410392
5.387141
5.3520937
5.4382386
5.3487988
5.58921
5.5858507
5.411003
5.431491
5.3501925
5.448434
5.406691
5.3028884
5.269898
5.2280455
5.338258
5.187238
5.1564155
5.3015404
5.2146435
5.316116
5.298711
5.384707
5.3351817
5.303836
5.348451
5.310336
5.27405
5.4766183
5.355599
5.433297
5.575689
5.52003
5.570368
5.5076723
5.4426823
5.4405494
5.236022
5.5440307
5.629839
5.5639505
5.4882164
5.6993737
5.47944
5.7950196
5.6661735
5.728595
5.579011
5.738885
5.5728774
5.6246815
5.6390204
5.74118
5.663348
5.491393
5.4699945
5.3839107
5.3636427
5.3152404
5.4777246
5.4742455
5.534715
5.636401
5.4920573
5.5132675
5.491369
5.350382
5.180163
5.090172
5.034389
5.038681
5.25076
5.252576
5.135522
5.240772
5.267682
5.2643104
5.2712274
5.336721
5.2637434
5.3218803
5.2621784
5.202497
5.118663
5.0870037
5.172336
5.266223
5.3861113
5.6444407
5.4683914
5.642064
5.6784077
5.695275
5.6285043
5.614645
5.4343705
5.573661
5.292475
5.317926
5.3549566
5.2964034
5.21361
5.240457
5.1498675
5.023811
5.1045504
5.269659
4.983841
4.9825125
4.8043413
4.968691
4.5595207
4.328697
4.3917828
4.541274
4.6078887
4.4139977
4.40559
4.29401
4.3003454
4.4152308
4.4057016
4.3578696
4.231807
4.197931
4.353947
4.2025886
4.2472897
4.048659
4.07382
4.847639
4.7649813
4.6750636
4.698003
4.595281
4.5234423
4.7368813
4.7077036
4.868149
4.708568
4.70695
4.833021
5.1520424
5.324995
5.467444
5.431326
5.120513
5.006594
5.103905
5.2632346
5.1092362
5.0083833
5.138474
4.8868313
5.0624094
4.9794674
4.9360037
5.0822783
5.074522
5.178022
5.1407356
5.164186
5.226345
5.1025314
5.1225643
5.0635934
5.0517845
5.326659
5.0491886
5.0822678
5.2163367
5.6910725
5.729395
5.599123
5.499179
5.47722
5.34405
5.508817
5.5004244
5.8201194
5.645675
5.898547
5.909302
5.8644786
6.019462
5.935281
5.9467297
5.9883447
5.905098
5.937525
5.926363
5.9667974
5.9017067
5.746164
4.144855
4.687478
4.5533113
4.7258162
4.883167
4.810754
4.8127565
4.846936
4.7295837
4.751137
4.7543106
4.7884927
4.8311205
4.8489604
4.9491453
4.944175
5.0514736
5.0626874
5.034442
4.9781604
4.9713793
4.963066
5.055743
4.9909587
4.8740892
4.9347115
4.8367023
4.807318
4.7860518
4.6193066
4.7640104
4.6289864
4.2808175
4.2572474
4.471209
4.529107
4.5761437
4.8937573
4.8247404
5.024789
5.03831
5.0681434
5.2117577
5.1867895
5.10411
4.991805
5.1052566
4.901559
4.696065
4.352288
4.445284
4.341229
4.3746605
4.439209
4.5229545
4.5515103
4.5427914
4.494339
4.5581384
4.400374
4.518158
4.4376984
4.400919
4.1141315
4.2565413
4.5355935
4.6226673
4.624534
4.4035454
4.4071264
4.46879
4.607234
4.2703977
4.381768
4.577059
4.8340344
4.8343315
5.0918407
5.0033793
5.017125
5.060735
5.1207075
5.068121
5.177045
5.0396624
4.9997783
4.888795
4.7452383
4.6185665
4.1394005
4.652823
4.5979958
4.815987
4.7404995
4.9205217
5.0261
5.058604
5.1958404
4.736885
4.757271
4.6380754
4.6455455
4.5958743
4.7577076
4.764847
4.4773645
4.502644
4.5861053
4.5697613
4.65644
4.7282276
4.83528
4.720422
4.7237787
4.859591
4.8746924
4.783966
4.751671
4.942381
4.6572957
4.923379
4.8072357
4.767604
4.573839
4.684342
4.4893494
4.5573683
4.4459906
4.5147514
4.4790506
4.4074707
4.3401027
4.471196
4.5765805
4.4553165
4.474537
4.44618
4.360795
4.3623514
4.3400307
4.4743
4.461703
4.630172
4.125916
4.267132
4.210246
4.436995
4.448546
4.4485807
4.497476
4.4553943
4.279338
4.140511
4.1002283
4.0730114
4.1223774
4.0275383
4.6875515
4.6508107
4.89518
4.9363194
4.9392085
5.1260476
5.1102
5.097406
5.2759457
5.184031
5.204323
5.2388544
5.1878295
5.2869015
5.300931
5.269753
5.19137
5.1887317
5.2312336
5.2405405
5.2054286
5.3564606
5.4254236
5.301947
5.221897
5.2916956
5.1465974
5.15933
5.093685
5.1095395
5.228326
5.2004595
5.244074
5.2276993
5.269686
5.2910595
5.35842
5.387248
5.476353
5.459588
5.580039
5.6138387
5.4480476
5.3234396
5.323444
5.2013316
5.1002226
5.1864223
5.2362795
5.243728
5.26823
5.203105
5.235997
5.264815
5.352841
5.2900925
5.1115866
5.2090116
5.220135
5.2980456
5.1757956
5.1637993
5.1717596
5.067062
5.220765
5.2231736
5.265224
5.3138866
5.30548
5.2806687
5.21301
5.256578
5.337286
5.281135
5.383584
5.3297668
5.385333
5.266251
5.227422
5.3151774
5.135909
5.289357
5.0137396
5.139031
5.1373587
5.127359
5.185547
5.110403
5.163828
5.057469
4.9000793
5.06789
5.047114
5.1484976
5.0109286
5.03417
5.032387
5.199635
5.2504454
5.1547136
5.176749
5.344866
5.2890177
5.1997094
5.3225465
5.095723
5.179043
5.1320157
5.3406663
5.350695
5.270048
5.0920687
5.146739
5.2402406
5.334113
5.2094307
5.182265
5.1397724
5.3132424
5.2464805
5.122028
5.293135
5.255015
5.296897
5.3952365
5.27175
5.3345227
5.32
5.127545
5.1877766
5.2704883
5.4544716
5.546433
5.6490035
5.7138014
5.6780214
5.6259747
5.6089735
5.7616844
5.6250424
5.572674
5.725371
5.703449
5.680451
5.707752
5.6922197
5.6453686
5.6725135
5.825214
5.7159023
5.7699494
5.707249
5.6154957
5.78093
5.90425
5.725342
5.858705
5.805913
5.8271565
5.750847
5.8772984
5.723016
5.6631513
5.8245797
5.779605
5.914572
5.945559
5.8170104
5.845431
5.7543607
5.6069093
5.679864
5.6919875
5.863211
5.7690845
5.833792
5.6967564
5.671602
5.768098
5.72157
5.7510576
5.7191653
5.804516
5.975995
6.012146
6.019337
6.0113153
6.132021
6.0509324
6.078335
5.9997897
6.000716
5.9889226
5.99861
6.019361
6.1063
6.124352
6.0819826
6.126913
6.156288
6.125038
5.9654675
5.963079
5.926384
5.9278674
5.8327727
5.9434257
5.8244905
5.870867
5.8725533
5.9638057
5.9199023
5.89252
5.8170266
5.784039
5.6665373
5.6452756
5.5762043
5.5851135
5.5402803
5.479782
5.3845625
5.595295
5.7026515
5.616296
5.7784944
5.8774395
5.837649
5.8559866
5.869645
5.8949995
5.97205
6.1194563
6.0976343
6.1327753
6.1659527
6.098411
6.068799
5.9703526
5.96852
5.718153
5.708426
5.7395597
5.739846
5.807142
5.8939786
6.0419974
5.9868836
5.8476543
5.87193
5.836037
5.830017
5.866956
6.0015087
6.0413475
5.653279
5.49832
5.6385994
5.478589
5.495157
5.5128746
5.468548
5.523956
5.490424
5.4983897
5.5741825
5.68011
5.792935
6.0247364
6.256573
5.9496484
6.1052766
6.061447
6.191524
5.932574
5.926781
5.8901033
6.0429487
6.169104
6.2253714
6.2096243
6.2299705
6.238761
6.215948
6.176941
6.266735
6.2372184
6.1454315
6.152403
6.056145
6.08297
6.2939777
5.669867
5.535773
5.6114635
5.5304685
5.6001754
5.596455
5.7768
5.868051
6.0696106
5.8793793
5.774011
5.788769
5.7129908
6.0130563
5.8762774
5.737467
5.799011
5.8561583
6.1258855
6.323302
6.1609254
6.1120834
6.124405
5.8389854
5.5573134
5.2830014
5.1431236
5.071544
5.130414
5.2225227
5.303246
5.486595
5.521977
5.7324038
5.916158
5.5423107
5.1927853
5.1923294
5.3282356
5.4351444
5.2790895
5.24019
5.333797
5.257139
5.514535
5.6102996
5.6168866
5.6916223
5.7607946
5.8707576
5.62606
5.647367
5.621783
5.5443354
5.524287
5.5424566
5.4821234
5.62018
5.6641955
5.8010507
5.827428
5.9650736
6.0280333
6.0392675
6.0990934
6.0279846
5.822858
5.685415
5.3619213
5.39389
5.226428
5.2435036
5.1770906
5.3398294
5.311425
5.3606563
5.314191
5.2726
5.3637333
5.4639425
5.325281
5.1367655
5.1833496
5.0484953
5.0913424
5.158752
5.140403
5.0817456
5.1092505
5.035716
5.2873464
5.195707
5.0770397
5.2739353
5.1195207
5.2117476
5.2498207
5.32251
5.181609
5.2211337
5.169562
5.1169553
5.1247706
5.137626
5.0905275
5.108462
5.054976
5.0311365
5.090265
5.053274
5.1146355
4.9914737
4.9900756
4.9523816
4.966213
5.0196548
4.9711266
4.9721017
4.9226456
4.898653
4.938641
4.7866488
4.8549404
4.8624544
4.8111763
4.8165455
4.873581
4.8573456
4.8397098
4.8991723
4.902152
4.9480224
4.9630404
4.905361
4.8669896
4.8937087
4.84425
4.8652186
4.8433013
4.971904
5.012802
4.9977574
4.987642
5.0071235
4.797482
4.7511625
4.8486123
4.8169208
4.956117
4.942296
4.94212
4.8835626
4.8995085
4.8662434
4.8395486
4.814636
4.7704296
4.6983786
4.7658453
4.8349237
4.6717014
4.7853146
4.7943044
4.603367
4.6459327
4.7985353
4.821219
4.824768
4.864695
4.9434214
4.900712
4.916107
4.874256
4.8708563
4.798696
4.8719015
4.91108
4.9739385
4.783608
4.846486
4.862446
4.9656014
4.905178
4.97235
5.036973
4.978487
4.9952664
4.8774867
4.9406195
4.85499
4.928638
4.7985716
4.8801737
4.885923
4.887676
4.9838214
4.980753
4.9519153
4.9749217
4.9468203
4.981321
5.029267
5.0605097
5.122023
5.028847
5.0496554
5.0488024
5.089664
5.1125975
5.1496534
5.096932
5.0624995
5.14636
5.168875
5.1218452
5.13348
5.1674604
5.163576
5.194874
5.1398687
5.1285157
5.137557
5.136246
5.0888114
5.0960426
5.1568794
5.0848956
5.142493
5.0959706
5.091541
5.1640644
5.1560564
5.2037983
5.1243253
5.0648594
5.0622444
5.062772
5.0333824
4.999613
5.527899
5.724498
5.653596
5.6926737
5.7142467
5.6969395
5.7194257
5.6294236
5.6986485
5.675325
5.66901
5.8049917
5.683779
5.696903
5.692583
5.797677
5.7201023
5.780832
5.6510506
5.8413057
5.6702642
5.836329
5.7729163
5.8626614
5.8250284
5.8577085
5.8381686
5.875567
5.8432765
5.9364796
5.9053116
5.9433327
5.9354143
5.982217
6.0480366
6.030957
6.0277624
6.042387
6.012953
6.050742
5.936838
6.0740113
5.9908566
6.0482674
6.072704
5.984398
6.0682154
5.9247026
5.9978547
5.925239
6.019576
6.0467257
5.9423375
5.971043
6.059092
5.9076138
5.947756
5.9529486
6.0625863
5.8935285
5.952574
6.0753703
5.8677506
5.8990517
6.0026608
5.7920475
5.8808722
5.9339366
6.1185308
5.951952
6.147002
5.9905496
5.981367
6.1861053
6.0129123
5.975526
6.0911746
6.1601405
6.140977
5.953228
6.1344423
6.0011163
5.9062724
6.034778
5.9527464
5.8337555
5.911227
6.0607996
5.986035
6.1880703
5.9918437
6.122947
6.098011
6.0961113
5.935606
5.9197893
6.068221
5.9215193
5.9994035
6.0194516
5.8720317
5.9864764
5.924139
6.0518727
6.190901
6.206223
6.1270285
6.1222553
6.0050755
6.0790854
5.9772916
5.949725
5.9253
5.8897047
5.84342
5.9188023
5.8457146
5.7379174
5.925978
5.702976
5.5340195
5.3809624
5.358958
5.3607655
5.305835
5.225649
5.309515
5.248671
5.2880616
5.535957
5.355964
5.587382
5.5789127
5.6237273
5.4756956
5.5246177
5.7456803
5.6945224
5.8618965
6.112752
6.165861
6.268715
6.1956453
6.1387157
6.0825524
6.1167946
6.1130176
6.0902395
5.0584707
5.1980977
5.1906967
4.94316
5.011936
4.839261
4.720094
4.7181067
4.6318674
4.592382
4.5818934
4.634224
4.7735305
4.803302
4.8564763
4.9446125
4.919877
4.7656846
4.8087225
4.738656
4.805835
4.737906
4.795434
4.908674
4.9756355
5.0521445
5.054388
4.9171543
4.956393
4.8676553
4.869477
4.8943686
4.942032
4.86591
4.8240347
4.802798
4.7581987
4.7546916
4.7464066
4.8821926
4.828303
4.944013
4.8454747
4.8869443
4.881165
4.8025517
4.8399916
4.6330605
4.730574
4.627526
4.693438
4.660919
4.8721123
5.0483885
5.1027284
5.119135
5.2440157
5.19857
5.210126
5.2510486
5.173271
5.2782593
5.231211
5.297795
5.2174006
5.2649646
5.191894
5.2485733
5.21213
5.219656
5.222488
5.120431
5.165403
5.1814694
5.1277013
5.1896787
5.096139
5.1981072
5.174658
5.1827965
5.1722345
5.2305584
5.223792
5.1772757
5.1851554
5.263483
5.2034063
5.2133074
5.2034245
5.23008
5.182785
5.194939
5.1197143
5.197436
5.1520386
5.148921
5.151777
5.2012773
5.1651983
5.193088
5.1776385
5.236182
5.1816015
5.249512
5.2016826
5.1954656
5.1617823
5.186875
5.164916
5.181728
5.1527376
5.160492
5.1808405
5.2209315
5.1701517
5.1398625
5.166728
5.2187347
5.17807
5.139436
5.166447
5.117482
5.221742
5.145183
5.1977553
5.1739354
5.218561
5.157659
5.1641827
5.115715
5.161995
5.122625
5.176569
5.13901
5.202018
5.166325
5.135977
5.086278
5.1903124
5.152215
5.183955
5.107436
5.1697845
5.1490335
5.18501
5.17465
5.1765604
5.1892776
5.1512504
5.232036
5.1524467
5.1545568
5.139435
5.217665
5.209367
5.124362
5.2106524
5.1155586
5.195701
5.194255
5.179386
5.1350317
5.1801896
5.119339
5.179584
5.16677
5.17299
5.152198
5.186022
5.1745043
5.195078
6.2393475
6.223688
6.1002674
6.129728
6.166069
6.3139415
6.404168
6.2400455
6.4107876
6.2815957
6.434227
6.224329
6.4466767
6.4044995
6.2831116
6.526748
6.269422
6.420929
6.330535
6.421587
6.3375196
6.4196725
6.2357407
6.432254
6.2089624
6.3289375
6.2367005
6.286829
6.186438
6.349498
6.1876035
6.364586
6.3950205
6.4948587
6.5063705
6.5247188
6.502938
6.4825234
6.524819
6.3868594
6.571377
6.366686
6.4698224
6.4324117
6.530627
6.401159
6.367214
6.2853055
6.393219
6.1921287
6.5065002
6.5441127
6.539831
6.595299
6.583944
6.5722857
6.534713
6.4135604
6.3443384
6.428196
6.415163
6.315488
6.1154747
6.130469
6.112719
6.187353
6.112566
5.9082637
5.9862723
5.8022814
5.9211845
5.9211082
6.076897
6.010649
6.1513643
4.3553357
4.505041
4.4642353
4.4856167
4.508278
4.5112977
4.4885807
4.602849
4.5738244
4.6122656
4.5926504
4.783551
4.7893486
4.8934608
5.0226164
4.9843674
4.93872
5.1945963
5.2149553
5.3273106
5.3004246
5.428424
5.6609035
5.6819253
6.0978665
6.167018
6.2057686
6.1933203
6.192309
6.1680126
6.150196
6.0509515
5.9613633
5.9628305
5.9305534
5.781268
5.7053385
5.681256
5.7343464
5.690206
5.7778487
5.8156147
5.7980633
5.778967
5.744427
5.804606
5.681598
5.620475
5.6594157
5.6691337
5.489088
5.36218
5.2011986
5.171668
5.079869
5.098435
4.9868307
5.0392675
4.867315
5.1065683
5.0748525
5.1288586
5.1993175
5.106853
5.2133865
5.078682
4.9999704
5.079073
4.987957
5.0573864
4.985232
5.065112
5.0931835
5.090522
5.016697
5.1023817
5.1698017
5.143861
5.088646
5.169633
5.111146
5.1627865
5.1530285
5.137892
5.1533275
5.2370515
5.2649217
5.2756577
5.3316474
5.299648
5.27738
5.2787886
5.224153
5.104501
5.267475
5.2459154
5.3319883
5.350163
5.3882413
5.3148227
5.348056
5.3433685
5.3709273
5.4006314
5.324356
5.324766
5.3197117
5.2603
5.2066274
5.3006363
5.1381125
5.199165
5.225782
5.224411
5.2202935
5.2944202
5.2915573
5.400182
5.3396363
5.367318
5.4216356
5.3841753
5.432085
5.5028944
5.427078
5.380084
5.372716
5.416333
5.361066
5.4416695
5.4913006
5.5278006
5.4932013
5.51265
5.5545025
5.525045
5.6254535
5.55999
5.6763315
5.628846
5.6454964
5.6452937
5.650876
5.650498
5.6758904
5.704504
5.7168345
5.7567997
5.805221
5.746737
5.6527476
5.644417
5.6236043
5.708976
5.6176004
5.708979
5.617815
5.6299095
5.644861
5.633935
5.678736
5.711276
5.72294
5.798796
5.79671
5.7684884
5.793954
5.6053634
5.70564
5.531115
5.3755846
5.250716
5.2732687
5.2982464
5.2663784
5.238315
5.2846985
5.270104
5.16943
5.217488
5.2127676
5.3165727
5.2404356
5.1710577
5.1954603
5.263792
5.1993074
5.1906075
5.2371073
5.223522
5.1432967
5.1615715
5.124226
5.0715647
5.12038
5.1410484
5.2368693
5.2402754
5.3033466
5.2207546
5.471491
5.371658
5.3491607
5.3649225
5.379604
5.372233
5.39403
5.3931723
5.4092083
5.3738422
5.346877
5.34982
5.335397
5.497784
5.4373164
5.540929
5.3792315
5.331059
5.3460207
5.297997
5.23873
5.1827497
5.105092
5.17556
5.1214905
5.1555552
5.135091
5.1214886
5.190222
5.1093607
5.132537
5.022813
5.1915255
5.0867743
5.1027718
4.9915075
5.1785483
5.0854015
5.108921
4.997924
5.1145806
5.0482492
5.160819
5.087739
5.151209
5.3313885
5.3281007
5.3966103
5.499748
5.4498057
5.648658
5.62969
5.710025
5.867287
5.930449
5.941252
5.908487
5.944021
5.9773564
6.012728
6.024657
6.0319552
6.088474
6.0833063
6.250278
6.109419
6.3568797
6.1515856
6.41342
6.145688
6.396675
6.177375
6.267203
6.2520103
6.297287
6.3939257
6.262311
6.318107
6.2837157
6.2426066
6.1635494
6.2422137
6.162845
6.2502136
6.124414
6.236768
6.1386256
6.2551537
6.189087
6.267426
6.1743407
6.256475
6.173332
6.211068
6.1610003
6.289749
6.157092
6.2611227
6.1540256
6.1894608
6.152432
6.1723285
6.147938
6.1823997
6.1144295
6.2221055
6.122384
6.205853
6.098298
6.1341615
6.0491376
6.1383386
6.116244
6.1573563
6.0702367
6.105758
6.069913
6.0754128
6.053796
6.0290217
6.0038857
5.9027967
5.9674287
6.032193
6.062901
6.0317564
6.033534
6.108406
6.1610146
6.0853357
6.2126794
6.0958557
5.8646264
5.9445076
5.8020544
5.692982
5.61966
5.5338144
5.592518
5.4463353
5.362626
5.1955924
5.068923
5.051908
5.018092
4.8651476
4.8556366
4.8202667
4.859476
5.0187516
4.80538
4.927748
4.786245
4.8854427
4.9247046
4.838125
4.9715996
4.908738
4.96073
4.924684
4.91977
4.8916
4.905986
4.8892736
4.923527
4.9318595
4.921801
4.972136
4.876851
4.9981995
4.9401846
5.0219274
4.9728055
5.0209303
4.9814777
5.0752087
4.965815
4.991665
4.9720373
4.9565525
4.9190125
4.973765
4.9678154
4.988311
4.9642763
5.0234833
4.946471
5.008657
5.04378
5.0314984
5.031614
4.9937344
4.9596686
5.0434375
5.0064297
4.9550014
5.0102468
4.996048
5.011984
4.979869
5.004815
4.983009
5.047417
4.983865
5.0209355
4.96672
4.9866257
4.9747286
4.9961915
4.9978466
4.9880366
4.9625096
4.9517946
4.9536924
4.95565
4.9450455
4.9080205
4.9271345
4.934242
4.998032
4.9229
4.962459
4.9310827
4.9076185
4.8864117
4.9004345
4.893177
4.9084153
4.8898516
4.9806046
4.980831
5.199621
5.218879
5.2129617
5.2755795
5.305837
5.337532
5.290345
5.241851
5.1419106
5.055774
5.13565
5.1922755
5.2088923
5.2066326
5.2043853
5.254335
5.1909347
5.175069
5.1368904
5.211962
6.4205275
6.4254565
6.490676
6.335091
6.2357225
6.183527
6.148905
6.1516366
6.1704116
6.0709386
6.0691924
6.019357
6.003165
5.991247
5.921079
5.9671645
5.893415
5.9551396
5.917006
5.9193754
5.8795795
5.886399
5.899342
5.872203
5.87467
5.9282
5.913484
5.9401603
5.9155054
5.940069
5.894949
5.906927
5.855918
5.9001203
5.8364687
5.891653
5.877847
5.89633
5.910886
5.894914
5.8525686
5.880879
5.876037
5.8684545
5.874791
5.9329824
4.8765087
4.893281
4.798222
4.854462
4.9285755
4.9888225
5.0320444
5.0874705
5.1452656
5.1324644
5.1483793
5.0396314
5.2346296
5.0882187
5.2428517
5.089225
5.2168155
5.023713
5.2828765
5.0779276
5.245722
5.0931554
5.268657
5.1928015
5.2823424
5.1413245
5.2846246
5.138233
5.3137636
5.1895504
5.222542
5.081374
5.3320036
5.0766916
5.280088
5.0984893
5.287174
5.1067877
5.2812414
5.1219482
5.268368
5.1242733
5.3242416
5.1192694
5.281591
5.0927544
5.3083744
5.08282
5.30596
5.116933
5.2464023
5.2077947
5.134828
5.280263
5.063098
5.338543
5.069971
5.3519797
5.0753818
5.370118
5.1048574
5.422897
5.140543
5.3973055
5.1578364
5.4048266
5.1576242
5.361725
5.1645055
5.344343
5.1483855
5.350184
5.164257
5.382987
5.224392
5.327814
5.254495
5.3674526
5.1857066
5.2832146
5.1651325
5.351832
5.1039295
5.2961917
5.096396
5.296111
5.0564437
5.2451844
5.09924
5.299179
5.114611
5.2399836
5.087776
5.301021
5.139016
5.3097796
5.1852455
5.298748
5.1816807
5.334356
5.1638308
5.3532715
5.2123346
5.364049
5.2132626
5.2990103
5.163611
5.261594
5.194633
5.29487
5.211663
5.2896075
5.2343044
5.2818394
5.2554274
5.339153
5.2091107
5.2512245
5.2279396
5.2662377
5.170194
5.329249
5.2182345
5.246495
5.202649
5.24737
5.14371
5.256501
5.178356
5.1697516
5.160757
5.2842474
5.1625237
5.182138
5.1607523
5.2331514
5.158583
5.1713614
5.178922
5.213805
5.1664834
5.15294
5.132136
5.1277714
5.1242385
5.128847
5.170257
5.123524
5.14828
5.12234
5.137091
5.213814
5.214693
5.2772117
5.211928
5.2622647
5.163776
5.233092
5.161845
5.2413983
5.1890144
5.2606754
5.185114
5.268356
5.1940393
5.2966375
5.193068
5.2907214
5.2060447
5.236237
5.1405764
5.317891
5.2115602
5.270496
5.1577463
5.2986593
5.176562
5.226415
5.187574
5.2247915
5.150572
5.2353344
5.151969
5.189324
5.119245
5.235281
5.106986
5.1926394
5.1517096
5.1854362
5.1746473
5.206578
5.1149826
5.1744494
5.1683497
5.191999
5.181146
5.2169027
5.1811824
5.1932063
5.159826
5.202368
5.140519
5.2417126
5.1665645
5.214649
5.12464
5.235977
5.1261635
5.2468996
5.1811094
5.2356586
5.1871657
5.300565
5.1938553
5.2971725
5.2123184
5.981757
6.007402
5.8673344
5.9244394
5.9811563
5.9980297
5.9643373
6.0451927
5.9778166
6.026105
5.99026
6.0600796
6.004544
6.073143
5.9857144
6.0586042
5.980362
6.072588
6.0076923
6.074325
5.96607
6.064905
5.941362
6.0440745
5.954943
4.818456
4.723652
4.62808
4.5925355
4.6109385
4.56132
4.608612
4.6175337
4.669809
4.5949726
4.6621685
4.560606
4.626422
4.5554614
4.586933
4.545296
4.7078815
4.5463033
4.6736784
4.5437183
4.645958
4.5662065
4.660213
4.578514
4.740555
4.6233177
4.579735
4.61125
4.5940027
4.5692306
4.6306586
4.5751696
4.617985
4.5555897
4.5846167
4.5460787
4.549279
4.5639515
4.626578
4.563202
4.578665
4.6246943
4.51321
4.584646
4.5290565
4.473995
4.4861526
4.495606
4.4669876
4.5162888
4.3482685
4.435323
4.380958
4.3722205
4.316923
4.356702
4.3590474
4.2785025
4.3657956
4.2041483
4.2282705
4.1916685
4.141195
4.128512
4.09233
4.122455
4.173525
4.070721
4.158793
4.126915
4.186223
4.280001
4.2620745
4.377391
4.3700356
4.4434104
4.5990953
4.740405
4.6361756
4.6884685
4.583243
4.6922145
4.707099
4.6366925
4.7716208
4.8066864
4.9124455
4.9724517
4.932484
5.0412526
5.0124125
5.064483
5.1813884
5.180716
5.2022486
5.260182
5.3311872
5.400003
5.421392
5.3907385
5.5794015
5.505868
5.603256
5.51664
5.623525
5.589678
5.5899577
5.755424
5.6157866
5.815123
5.5754595
5.7512703
5.6747365
5.7686677
5.658941
5.824224
5.712352
5.859077
5.729643
5.9031296
5.833605
5.845302
5.8203573
5.83475
5.838625
5.8727603
5.8638024
5.9163046
5.888738
5.9472337
5.906561
5.952373
5.940297
5.924792
5.944969
5.941663
6.0676394
5.9417257
6.1436124
6.035491
6.1970286
6.0024753
6.2236505
6.0873303
6.224789
6.064544
6.2278814
6.1451435
6.223579
6.164629
6.2649593
6.126551
6.09163
6.043413
6.0695257
6.072094
6.032443
6.023657
5.9197435
5.8562
5.771107
5.717659
5.6830354
5.5959883
5.616847
5.5329466
5.449754
5.5596485
5.508251
5.498665
5.536099
5.576048
5.637759
5.564729
5.582259
5.5681353
5.6619377
5.617151
5.7096066
5.6059194
5.7254386
5.576976
5.5969048
5.5713325
5.6286287
5.5292363
5.63493
5.5792575
5.6096163
5.5682254
5.570592
5.5997777
5.5781484
5.662858
5.566784
5.5926714
5.533426
5.5741653
5.488107
5.55215
5.434131
5.4514327
5.507434
5.481794
5.459953
5.4651847
5.4570084
5.302391
5.39414
5.373869
5.395673
5.373746
5.3770113
5.3209934
5.3985763
5.39147
5.4041224
5.349273
5.3996973
5.4084926
5.4120007
5.3485746
5.4032216
5.297812
5.3196898
5.2399344
5.2888217
5.2074633
5.187664
5.2277107
5.235602
5.1844816
5.107205
4.991745
5.063808
5.0771594
5.0469675
4.925091
5.06745
4.8956532
5.0617833
4.8661385
5.0246606
4.8768415
5.0301533
4.8956876
5.0463934
4.8267283
4.9621253
4.882206
4.876808
4.8768063
4.8802376
4.896727
4.830456
4.9417286
4.8805785
4.8626337
4.8587227
4.871133
4.8572226
4.87411
4.7811685
4.8339677
4.7343054
4.7837796
4.748254
4.8606954
4.753204
4.83714
4.730042
4.8023996
4.769167
4.741879
4.8278403
4.727758
4.7465897
4.674166
4.7650127
4.7696996
4.6979427
4.745151
4.735855
4.690405
4.7430334
4.6752386
4.688693
4.622838
4.66257
4.747668
4.7263823
4.722429
4.789372
4.867407
4.744031
4.8202405
4.752028
4.812134
4.736241
4.828244
4.7372265
4.7788773
4.7423434
4.8016715
4.76033
4.860095
4.808933
4.825572
4.8838086
4.9232936
4.940445
4.9100695
4.886452
4.8477135
4.849689
4.774768
4.925075
4.800398
5.023596
4.819868
4.997549
4.797309
5.018438
4.8224444
4.9383006
4.8088455
4.872715
4.7985926
4.893235
4.728004
4.9079943
4.7907667
4.855353
4.735683
4.8972635
4.713114
4.8702464
4.7066426
4.861472
4.6648955
4.8476353
4.66685
4.8337455
4.663979
4.8432074
4.6841993
4.8555994
4.7040114
4.848117
4.6883984
4.856537
4.685685
4.8426504
4.7121468
4.8144903
4.7488117
4.8344936
4.7448063
4.8422885
5.866454
5.9181867
5.856369
5.8036904
5.9018064
5.749278
5.828486
5.7567506
5.848996
5.7289786
5.8846526
5.760126
5.909401
5.828288
5.9503555
5.808446
5.9381475
5.853036
5.9506426
5.826522
5.942808
5.8648677
5.9676504
5.8952384
5.971145
5.886493
5.9666038
5.834959
5.988261
5.8496404
5.9417543
5.832851
5.961888
5.903281
5.967767
5.8805947
5.967242
5.870456
6.002967
5.9274125
6.0094624
5.9052672
6.059044
5.988862
6.04795
5.939321
6.045883
4.230903
4.3070807
4.3133173
4.180204
4.247905
4.1709266
4.239211
4.20792
4.2546186
4.1773205
4.3042984
4.2759886
4.2353745
4.2740827
4.16425
4.1560135
4.14973
4.12554
4.181711
4.2277946
4.279046
4.2176886
4.270396
4.2078466
4.2931666
4.268043
4.3185453
4.249227
4.306093
4.2238226
4.2381873
4.2986083
4.3060617
4.3419294
4.3341355
4.3235025
4.368567
4.35296
4.3269205
4.375579
4.374264
4.331739
4.350407
4.3518014
4.408774
4.4221582
4.421178
4.3739033
4.381709
4.2816954
4.343655
4.2767844
4.2992487
4.275353
4.292124
4.24422
4.1882954
4.267246
4.281085
4.320518
4.3088727
4.3677616
4.328553
4.4039097
4.356166
4.370732
4.308097
4.308812
4.288755
4.2739625
4.1549625
4.275475
4.33465
4.2674556
4.242676
4.0815296
4.0549073
4.257516
6.124708
6.2096567
6.2021046
6.189091
6.220483
6.169492
6.1958957
6.1838408
6.254899
6.1933823
6.2624774
6.1630383
6.2337236
6.1604276
6.2413645
6.2154236
6.265614
6.2494855
6.2874355
6.328458
6.2417574
6.2529554
6.278195
6.2659364
6.302354
6.253041
6.2707987
6.252973
6.1730194
6.223539
6.156747
6.5428452
6.835004
6.944957
6.877704
6.998316
6.847514
6.656761
6.4378376
6.5660076
6.304632
6.421785
6.230591
6.1464863
6.2711434
6.2234135
6.253928
6.008434
5.9648676
5.9901233
5.9502506
5.969777
5.959558
6.02366
5.922634
6.053506
5.961054
6.0783896
6.1699343
5.9962425
6.29066
6.300017
6.276165
6.3263645
6.289355
6.406488
6.4324226
6.46075
6.506947
6.527254
6.5503697
6.586794
5.4262047
5.3095303
5.316123
5.3836017
5.3699236
5.3323345
5.274527
5.2878985
5.302867
5.3681674
5.3490257
5.3394575
5.3667097
5.326783
5.3279467
5.3594313
5.37424
5.362896
5.3620825
5.3438196
5.390491
5.379407
5.3976936
5.3858805
5.4006844
5.429004
5.4707212
5.427298
5.3982835
5.480917
5.438257
5.5075836
5.4976106
5.4163065
5.5069323
5.4437747
5.5125947
5.4630475
5.440654
5.432883
5.5319166
5.4368143
5.542434
5.440081
5.5511103
5.489281
5.559961
5.485152
5.5305576
5.594158
5.531095
5.5833397
5.5462117
5.589857
5.6371565
5.678951
5.717459
5.6277924
5.7213297
5.6763997
5.781509
5.717524
5.7556634
5.7901106
5.755256
5.8058987
5.8016896
5.8517823
5.816283
5.741304
5.714709
5.729564
5.724109
5.7409253
5.735952
5.693525
5.757246
5.730336
5.728521
5.711194
5.7851257
5.7318134
5.7468915
5.676022
5.725115
5.709127
5.719445
5.6904187
5.747067
5.555124
5.6914105
5.699127
5.6728144
5.602599
5.7452083
5.600242
5.622229
5.577415
5.6434274
5.6247525
5.656542
5.6826005
5.7401257
5.7430654
5.777296
5.731923
5.782178
5.75335
5.8160167
5.6780787
5.766558
5.6476326
5.7778707
5.6752543
5.7829704
5.7112947
5.8258057
5.699561
5.856222
5.6878686
5.853675
5.736033
5.8210998
5.73004
5.7957196
5.6839285
5.7401004
5.660766
5.6563506
5.6276073
5.727925
5.7000704
5.6605487
5.7085524
5.7140408
5.684173
5.605739
5.673703
5.6804132
5.6641707
5.6610007
5.6055613
5.7462773
5.5951943
5.650185
5.583566
5.645587
5.595487
5.74219
5.612187
5.6950326
5.5870533
5.7164316
5.580007
5.6035094
5.514269
5.539066
5.6115093
5.5177894
5.484763
5.495002
5.447178
5.4742184
5.513246
5.479138
5.513008
5.4648285
5.52776
5.4566097
5.5025535
5.4451737
5.5432224
5.4802117
5.5291014
5.468444
5.503688
5.5448427
5.4523015
5.5478134
5.5338774
5.5210657
5.43315
5.468236
5.4633865
5.445864
5.4073043
5.5260925
5.409577
5.505788
5.4013386
5.4399276
5.409717
5.4025145
5.4028263
5.440293
5.39586
5.363593
5.35858
5.424283
5.365391
5.300926
5.2898617
5.4012704
5.365734
5.3901587
5.3998694
5.4091463
5.4569426
5.362731
5.3683624
5.4032354
5.361787
5.3215966
5.3318605
5.308902
5.339209
5.35295
5.3582473
5.390223
5.3531704
5.3223352
5.2792597
5.351702
5.3009415
5.312076
5.3124943
5.350552
5.346267
5.32831
5.355538
5.3349395
5.3516088
5.315625
5.340082
5.2932057
5.2877135
5.2864237
5.289817
5.3360476
5.3023963
5.355468
5.3353825
5.368305
5.330453
5.3451185
5.3504634
5.41576
5.3858237
5.4125204
5.386
5.431679
5.449855
5.426964
5.4506702
5.507866
5.508891
5.5049577
5.5525928
5.388126
5.457367
5.3958383
5.411119
5.409272
5.446966
5.4934177
5.486146
5.5447145
5.5306015
5.561548
5.5139236
5.5606484
5.5007668
5.621244
5.5620494
5.624317
5.6330404
5.6519885
5.561102
5.662832
5.550318
5.6163697
5.6102486
5.701435
5.69631
5.7537746
5.6854267
5.754814
5.6877594
5.7393026
5.688809
5.687537
5.643145
5.6950817
5.6845016
5.7026644
5.6494813
5.693772
5.703516
5.730117
5.7149467
5.663288
5.6854224
5.8137846
5.7407165
5.764596
5.843019
5.7957463
5.865414
5.727117
5.8141556
5.6681857
5.6436043
5.7887707
5.63307
5.705901
5.6031184
5.660116
5.5902815
5.7148848
5.6253185
5.7771435
5.6029654
5.709883
5.6124544
5.6996455
5.504171
5.5358143
5.4628625
5.537632
5.5114927
5.467942
5.572922
5.380522
5.5199723
5.401662
5.467234
5.4093566
5.4294615
5.429875
5.470497
5.4523063
5.521332
5.5107703
5.5509515
5.5423307
5.5721893
5.553021
5.646414
5.7249646
5.730789
5.683246
5.6859403
5.712115
5.7785907
5.8249135
5.8401814
5.6664433
5.7765102
5.733792
5.6960573
5.7341905
5.7033606
5.7658153
5.799309
5.778021
5.8095083
5.7731323
5.8013024
5.775229
5.785644
5.7634096
5.803236
5.816592
5.788369
5.9079227
5.857815
5.986543
5.9098506
6.059827
5.899021
5.98629
5.929746
6.027631
5.8977904
5.9231906
5.9770713
5.8967485
5.94949
5.934717
5.9622493
5.9025836
5.7714005
5.919095
5.8639417
5.885612
5.8335524
5.9264183
5.8616414
5.8618894
5.8179207
5.85664
5.8536477
5.830735
5.831591
5.850447
5.8785033
5.802776
5.910875
5.8589883
5.8538055
5.8076982
5.8751817
5.9215574
5.792628
5.766305
5.782262
5.864261
5.8389835
5.8841643
5.8155384
5.8679023
5.8058667
5.84048
5.844205
5.8674293
5.8841724
5.868082
5.982315
5.820254
5.918334
5.8735776
5.9598446
5.8927884
5.92513
5.793903
5.7649918
5.797659
5.809469
5.8125844
5.803819
5.6785383
5.750875
5.680398
5.8003387
5.7365522
5.801171
5.877266
5.7870884
5.9224396
5.8563447
5.8531904
5.872539
5.794498
5.7947392
5.7672195
5.692991
5.750454
5.598193
5.62268
5.685339
5.646505
5.5848923
5.5774846
5.524527
5.5625343
5.494239
5.583683
5.506172
5.5146146
5.5067873
5.443122
5.5676208
5.4219007
5.541289
5.5099487
5.5529904
5.591859
5.4885755
6.2056828
6.1934853
6.1578994
6.2075343
6.1772103
6.3771205
6.4820356
6.4828324
6.4322786
6.4877367
6.5736156
6.602739
6.582259
6.580631
6.7416563
6.741125
6.744025
6.882305
6.806782
6.8468666
6.73151
6.6630306
6.5472617
6.5026007
6.4566307
6.334342
6.3887486
6.170257
6.3753643
6.155237
6.2969933
6.307645
6.363206
6.358237
6.333626
6.4372973
