10000
7.7511854
7.73363
7.474724
7.2912316
7.189452
6.899269
6.5796375
6.540385
6.675043
6.906906
6.9860916
7.1260295
7.1691475
7.1728873
7.251562
7.314822
7.158781
7.038638
7.1956196
7.199161
7.6444283
7.709878
7.5958962
6.9268956
6.2345133
7.2090344
7.5741587
7.577408
7.414351
5.9951367
4.1519403
4.145453
4.7009296
4.701636
5.0813637
5.329489
5.3361216
5.284319
5.2438936
5.1322336
5.063271
5.1216164
5.463866
5.1067424
3.6732826
3.3043544
3.90183
4.121747
4.574888
5.1926603
5.7268763
6.108383
6.1756086
5.7907248
5.1470876
4.8003783
4.850966
4.9994955
4.852995
4.9945235
4.9457192
5.1391172
5.393583
5.4590464
5.7992887
6.261276
6.332699
6.126589
6.0365787
6.249534
6.4190187
6.42061
6.526168
6.802784
6.878597
6.916615
7.165992
7.448589
7.3022118
6.8214073
6.147572
5.080099
4.95096
5.3582835
4.728443
4.4016666
4.1803064
4.245434
4.106386
3.8681495
4.0164914
4.4533453
4.2125
4.1207194
4.0811105
4.226513
4.5488424
5.0822115
5.2980876
5.335739
4.907134
4.1304092
5.241627
5.739817
6.4941993
7.2644286
7.976845
8.164782
8.291655
8.204765
7.479876
7.484811
7.8707027
7.4888663
7.097381
7.0762725
7.269884
7.744916
7.78755
7.4744196
7.3205194
7.214638
7.5564394
8.000567
7.87803
7.7603283
7.6668644
7.4925632
7.5487275
7.427058
7.0573297
6.0573792
4.5581326
3.9898436
4.1165304
3.9622178
4.310751
4.54945
4.0635247
4.5587206
3.142755
3.3130434
4.2444587
3.9635127
3.2569413
3.3971992
3.8967957
4.092418
3.5766203
3.8644493
3.3109624
3.3001018
3.6044655
3.6637828
3.4319718
4.170888
3.580574
3.398841
3.0474207
3.0837736
3.2036288
3.5140395
3.5546691
3.8512633
3.486197
3.5647016
3.9215827
3.9038982
3.6526072
3.841174
3.8787582
3.7383575
3.5362167
3.4971247
3.326039
3.757601
3.2902703
3.4504077
2.9940302
2.967771
3.9686856
7.4489694
4.308671
5.893855
4.9869637
6.8105354
6.5282454
5.915965
6.0402875
6.2534895
6.416044
6.3043184
6.2498064
6.0917215
6.249615
6.136918
6.0819435
5.84378
5.6379595
5.4608626
3.8509808
3.354591
3.646165
3.3956792
3.5987318
4.023581
3.699922
4.059977
3.5736587
4.921622
4.200349
3.653015
3.707252
3.3462338
4.53316
4.7559986
4.673125
4.0478935
3.864478
1.4106373
4.67841
3.7069192
3.5511267
4.3844733
4.1998005
4.1808443
3.6845224
2.8328385
3.859299
3.3864298
4.278638
3.478644
2.541112
3.3117242
3.5240912
1.1030813
2.5960991
3.1371033
1.2127405
3.8236992
3.2961926
3.266331
4.0489826
3.0487072
3.4920177
3.305
3.375258
2.9941113
3.8339856
3.8232427
4.1211977
3.978872
4.3417497
4.706063
4.5044775
4.688808
4.639729
4.4281874
4.3843923
4.4682593
4.4639363
4.229257
4.0863795
3.5549393
5.1042876
4.921072
4.592601
4.1075273
4.124506
4.2847333
4.480586
4.7109513
4.9485874
4.8609324
4.8113313
4.8383746
4.999904
4.6071315
4.2107143
4.14953
4.3222284
4.2086353
4.7575526
4.488919
4.2751784
4.2317243
4.1412787
4.1650777
4.201157
4.1436524
4.2625012
4.310501
4.269048
4.332142
4.486046
4.693802
4.7077274
4.6920915
4.4609346
4.530546
4.6522775
4.6761036
4.6296325
4.7656713
4.7056694
4.73375
4.4535265
4.3750963
5.91897
5.672797
5.2841473
5.421666
5.4007487
5.846395
6.2102833
6.5991516
6.5115843
6.720354
6.7873807
6.7941117
6.8378534
6.991012
7.1937585
7.2386065
7.293818
7.478426
7.5214543
7.6880703
7.6848335
7.5698814
7.582411
7.3961086
7.2040234
7.1810184
6.9114265
6.6017303
6.6667895
6.8788543
6.9960504
7.241171
7.0705576
7.4082303
7.872752
8.182103
8.24025
8.168171
8.204332
8.412989
8.151527
8.033807
7.722582
7.7851863
7.6237254
7.61435
7.528568
7.5894146
7.563407
7.3680143
6.9556
6.081337
5.6776934
5.0625257
4.9333262
5.5033126
5.6817837
5.832652
6.307916
6.3676653
6.14048
6.041196
5.9035444
5.6888313
6.006773
6.077523
6.1707134
6.0099587
5.664089
5.063867
5.328569
5.1153264
5.260823
5.3467035
5.1935754
4.781254
4.153389
4.969862
4.7613225
4.5550613
4.7074614
5.016695
5.506659
5.7839994
6.0838423
5.2763653
4.3101254
4.1404715
5.4226327
5.373248
5.3314123
5.279687
5.286438
5.2418985
5.1828184
5.264166
5.3788476
5.4443326
5.256638
5.2849145
5.1965265
5.5133333
5.4192452
5.5821276
5.4743447
5.5041614
5.565383
5.6039386
5.5802374
5.640799
5.5701003
5.5828943
5.584721
5.6454144
5.622052
5.69619
5.6866393
5.612506
5.672342
5.7112527
5.646742
5.67944
5.7561717
5.748628
5.8124905
5.6232123
5.839232
5.736816
5.7823877
5.7932115
5.765183
5.622343
5.294777
4.50451
4.704813
5.331905
5.180112
5.0631137
5.423267
5.3307753
5.389523
5.114813
4.9197483
4.2217426
4.4224586
4.4174824
4.330761
4.3393407
4.307763
4.3345556
4.348783
4.55966
4.504559
4.4645295
4.2191195
4.5356665
4.6852903
4.7611866
4.7045197
4.9753594
5.2681136
5.283516
5.106955
4.7960377
4.584108
4.7193475
4.331707
4.3427224
5.82783
4.9246607
5.064947
4.670585
4.7636585
5.9131374
5.9460917
6.0061436
6.1167765
5.92655
5.1326556
5.6619043
4.4026875
6.3855715
5.7755857
5.4630976
5.241097
5.307581
4.7107983
2.9317317
4.283267
4.2614994
4.2498226
3.377447
3.6499214
3.4422565
3.3213284
3.6469412
3.1794946
5.164439
5.3425274
4.9871206
5.0081463
5.0058837
5.1570783
5.0717506
4.9266787
4.8566537
4.7144313
4.4999027
4.4192095
4.440697
4.2735157
4.2944727
4.0290003
4.0072794
3.7969863
3.9412618
4.0755744
4.077119
3.8478467
4.4235573
4.5207396
4.75648
4.8075013
5.0332937
4.773959
4.817722
5.1869407
5.5069265
4.812646
4.034152
3.8353548
4.7404604
4.303518
4.3310766
4.0179644
3.7646194
3.968774
4.788896
4.105216
4.112198
4.12866
4.6859455
4.2685738
4.0802245
4.6189013
4.24397
3.8264427
3.96354
4.412755
3.5884573
3.8601065
3.8661013
3.531366
3.4330661
3.389186
3.5832863
3.9406123
3.897451
4.077404
4.011484
4.0357146
3.7768087
4.421639
4.0133896
3.8876576
4.000582
4.6480904
4.9435844
5.084733
5.2256317
5.330001
5.478674
5.491878
5.3054657
4.8426104
4.572473
4.6018243
4.529263
4.648898
4.449643
4.478973
4.6538115
4.6856093
4.6861506
4.735107
4.9292
4.8530307
4.8462663
4.7917457
4.9300494
4.894111
4.9084115
4.7995358
4.7461104
4.7696595
4.791443
4.7885365
4.9060216
4.9317684
4.919163
5.026458
5.0265627
5.203637
5.18415
5.0953627
5.0809193
5.1122
5.2002196
5.108875
5.1965594
5.29176
5.4552546
5.5789757
5.6044574
5.5288296
5.4729743
5.4536405
5.287558
5.2410254
5.1377
5.0520215
5.1116157
5.0913067
5.1807456
5.1733413
5.201314
5.0641437
5.3689275
5.4100156
5.369922
5.3351555
5.63177
5.502681
5.3468723
5.598881
5.514986
5.490436
5.441209
5.3403916
5.278906
5.2802477
5.158487
5.213109
5.221997
5.3030777
5.245364
5.4870596
5.3280563
5.3711596
5.159129
5.155554
4.980901
4.8971615
4.9478045
4.9906406
4.846898
4.9304547
4.8728547
4.970124
4.732088
4.7833147
4.7335463
4.8644366
4.7810616
4.567267
4.6441875
4.3232803
4.19823
4.5800843
4.3823576
4.3440313
4.348626
4.203035
6.024954
5.912088
6.136961
6.1093926
6.219323
6.412771
6.4687643
6.4090524
6.401365
6.467879
6.357471
6.286036
6.3465157
6.1831293
6.316675
6.1240697
6.024552
5.894636
5.855197
5.6921186
5.8300943
5.8782988
5.9967346
5.9489164
6.0517206
6.0498357
6.0136247
6.059295
6.096281
6.38679
6.476772
6.2622843
5.988214
6.0177355
6.031268
5.901223
6.1001606
6.238779
6.337104
6.3071637
6.333348
6.4390335
6.197881
6.3955574
5.8404894
6.186922
6.4675665
6.3508735
6.450968
6.180338
6.4607763
6.1980286
6.336995
6.278262
6.070368
6.1711283
6.163885
6.3119316
6.2395554
6.071238
6.1250534
6.184137
6.3883305
6.5165687
6.548538
6.4510546
6.2144547
6.055967
5.9051094
5.99462
5.9974747
5.0366898
4.8379636
4.8271585
4.750672
4.4814124
4.2211
4.137617
4.2586255
4.5806885
4.2509627
4.010503
4.0291615
5.141555
5.103996
5.0473332
5.0909443
5.1358047
5.0183687
5.1035223
5.1289105
4.8862805
4.603306
4.499856
4.316587
4.024371
4.066594
4.0900955
4.160107
4.2691183
4.199321
4.1814375
4.1066785
4.500377
4.3410034
4.197981
4.031779
3.4801993
3.5187404
3.6385825
3.6582806
3.7445261
3.883391
3.9256697
3.9860759
3.9984488
4.2528076
3.4796367
3.5732622
4.05935
4.200806
4.245142
4.9534397
4.808203
5.302682
5.564623
4.922539
5.8140497
6.4377384
6.7456293
6.974889
6.8603888
6.568065
7.1186056
7.0199003
7.2550015
6.9170704
7.100025
7.0563064
6.910348
6.865977
6.8442693
6.6275496
6.582335
6.7633753
6.7000985
6.4385133
6.079217
6.065636
6.0184646
6.2612596
6.318453
6.398616
6.3476515
6.2500906
6.2245073
6.22607
6.3767195
6.473509
6.1584773
6.63786
6.1345057
6.39952
5.506855
4.743648
4.484368
4.062952
5.036986
4.6712766
4.538273
4.4263315
4.2273245
6.340577
6.2082253
6.7015624
6.5880375
6.4687915
6.676389
6.7844067
6.658614
6.3802166
6.5829735
6.7442794
6.6253557
5.9258103
5.4287634
3.756037
4.056476
4.2669916
4.2077994
3.652081
3.614057
3.9684043
4.148589
4.6401653
4.303129
4.2959323
4.0661054
4.39954
4.37382
4.1699123
3.5638344
4.5835776
5.207991
4.860336
3.850698
3.8826425
3.8390603
3.8465555
4.99837
4.7644596
5.2467303
4.6293726
4.1671224
4.0397797
4.4392414
4.369033
4.0102663
4.3730445
4.779601
4.589497
4.834984
4.520649
4.271233
4.089596
3.8746648
4.129383
4.30194
4.71303
4.89996
5.0229607
5.6367335
5.7984676
5.814021
5.983063
6.507455
6.960519
7.189586
7.106571
6.941041
6.689112
6.587793
6.737023
6.973187
6.9889417
6.732172
6.51534
6.485202
6.3404827
5.8726425
5.3298182
5.167141
5.013963
4.4358916
4.5504193
4.6202245
4.6588364
4.9260464
4.5276585
4.132925
3.7784398
4.0210614
3.9793758
4.1820364
4.7225356
4.8703065
5.147692
5.1034803
5.030177
5.514576
5.6287713
5.865162
5.0947776
6.116393
5.8836336
6.0325985
6.0554066
6.043565
5.9595056
6.1322455
6.1561317
6.039963
6.0246572
6.1161413
5.945789
5.885821
5.7469745
5.655554
5.3672457
5.5916505
6.138362
6.4558444
6.616349
6.4454184
6.2191715
5.912499
5.735101
5.870773
6.0406675
6.326492
6.63773
6.6713567
6.5700893
6.7684755
6.476394
6.3639946
6.778489
6.253644
5.330573
5.9390283
5.8095875
5.7754316
5.8157845
5.4489365
5.420784
5.41097
5.4290714
5.214569
6.045783
6.5886927
6.5540996
6.800021
6.595949
6.461241
6.3629217
6.1762996
6.139165
5.9742703
5.8164344
5.775386
5.8271456
5.84209
6.142728
6.156816
6.1882434
6.5129023
6.683008
6.5192895
6.561109
6.787508
6.8135977
7.225152
7.272573
7.302696
7.222083
7.334049
7.3055186
7.255769
7.3108397
7.237892
7.3533297
7.172599
7.2298527
6.9447145
7.019142
7.0088396
7.0733657
7.263709
7.1739054
7.4154367
7.3548117
7.450064
7.281237
7.11571
7.6030107
7.22849
6.8768053
4.481661
6.958022
6.7914042
6.833277
6.760603
6.7662306
6.6806006
6.45755
6.350163
6.093671
6.0951495
6.033629
5.9653616
5.934262
5.9345527
6.0608187
6.231962
6.2160916
6.1009607
6.0868473
6.27771
6.5073285
6.636841
6.718584
6.7496014
6.7124176
6.581473
6.6930933
6.6153574
6.483502
6.500182
6.538761
6.5188375
6.451167
6.4935603
6.3615575
6.45157
6.561613
6.6995087
6.6800866
6.769632
6.67124
6.8889384
6.9868016
6.982583
7.1707463
7.4732256
7.606041
7.711577
7.6760774
7.709726
7.681827
7.465801
7.5261173
7.3543444
7.235146
7.483383
7.504254
7.555405
7.4697375
7.521291
7.272728
7.295039
7.2632537
7.32068
7.163195
6.9828424
6.8904967
7.0687923
6.899604
6.9759855
7.040539
7.3206005
7.3712354
7.1413484
6.970854
6.5985117
6.4786625
6.670184
6.6323214
6.3251133
6.3279037
6.361377
6.47764
6.1423726
6.0714593
6.6012096
6.4887404
6.0717936
6.2350698
5.8607426
5.627478
5.2097816
5.163276
4.9777174
4.8214717
4.9942064
4.970318
4.8584433
4.666128
4.1359043
5.4063916
5.015176
4.4852586
4.34811
4.1587276
4.059417
4.3704715
4.4985957
4.481188
4.2861996
4.7814617
4.909026
4.9929376
4.454454
4.07973
4.1238027
4.3037386
4.824681
4.643607
4.941374
4.345261
4.0365586
6.349726
6.2210245
6.220646
6.3136754
6.547487
6.536456
6.7869644
6.4967136
6.558936
6.6181746
6.5899487
6.3744826
6.291734
6.1652384
5.990613
5.95192
5.8693876
5.7142467
5.6616583
5.554154
5.5253544
5.6471434
5.632431
5.661489
5.627718
5.6178036
5.684777
5.7409716
5.6516085
5.672017
5.56035
5.5791125
5.649506
5.7870264
5.7221193
5.804501
5.84684
5.803034
5.9084196
5.8963366
6.035544
5.9168315
5.8463626
5.868959
5.783966
5.81453
5.9071617
6.1102443
6.246563
6.3226867
6.3270826
6.5818553
6.6887493
6.8013306
7.0008907
7.0509458
6.8368063
6.504705
6.2722764
6.198812
6.031662
6.1519957
6.467766
6.4016323
6.5033965
6.885659
6.8136964
7.1499505
7.230446
7.263995
7.2987146
7.237879
7.3856783
7.4619164
7.464741
7.6202974
7.60575
7.6518593
7.585668
8.073463
7.942504
7.9580956
7.8155556
7.7889013
7.706092
7.5835266
7.4522204
7.633278
7.2804193
6.8049164
6.6032257
6.974478
6.833213
6.8297634
6.7737713
6.525182
6.5386467
6.466503
6.5914826
6.633309
6.6483345
6.7692456
6.638891
6.1885586
6.1806016
5.899351
4.7728405
4.558221
4.6933203
4.7049046
3.603871
5.006824
4.152454
1.9016505
2.2391484
2.6340744
4.7529206
7.19085
7.218797
4.875489
4.662189
4.91076
4.9023595
5.1704497
5.079591
5.1662464
5.1443543
5.169256
5.3495054
5.3436913
5.4234977
5.242615
5.370355
5.3169184
5.210411
5.003697
4.9481487
4.9211802
4.7606177
4.7952576
4.692094
4.631201
4.494439
4.2904315
4.2166038
4.546808
4.3649096
4.470971
4.7295985
4.6278806
4.624502
4.558524
4.6684046
4.4460254
4.453971
4.3739796
4.4390383
4.653467
4.9453454
4.2522187
4.070497
4.3334637
4.04475
5.846498
5.6887536
4.098202
3.982327
3.7052696
3.9545732
3.9373062
4.3090143
6.0357037
5.677806
4.1438246
4.066865
4.226642
4.298748
4.10155
4.459355
7.0172095
7.287843
7.6636753
7.644535
7.5334587
7.4351473
7.187401
6.9771976
6.99393
7.06271
7.0505714
7.173094
7.09429
7.220066
7.196472
6.0346594
4.840658
4.7245517
4.3299785
4.522433
4.9970737
5.1870117
4.9661508
4.8506007
4.7303514
4.2591286
4.106329
4.6053905
4.563781
4.390632
4.356943
4.2037396
4.037024
4.635737
4.9831777
4.9490232
5.361465
5.0576606
4.035119
3.616287
3.703406
3.7201428
3.9082174
4.3789387
3.6830556
3.880003
3.9683394
3.553561
3.243428
3.448338
3.7302504
3.7203407
3.7586117
4.3982263
5.1384487
4.1703033
4.0743284
4.612077
5.1843767
4.7196374
4.106461
3.7125366
3.0463674
2.7144134
3.168012
3.4653351
3.151332
3.5964565
3.60295
4.0049686
2.9948874
1.0556955
6.1248507
4.522008
6.5101986
6.55098
6.721162
6.916232
6.8197236
6.670183
6.6958103
6.7204785
6.4901457
6.6307874
6.6196632
6.7083755
7.072077
7.292348
7.124237
6.7638993
6.311059
4.7780066
4.21687
3.6793075
2.9151149
2.8114388
2.7435093
2.6526747
2.550511
2.7048738
2.881325
2.9742584
3.284917
3.7180982
4.354823
5.039784
6.0721364
6.9070077
7.105466
7.073102
7.0115614
6.8017616
6.8065395
6.7576547
6.728861
6.559574
6.4716206
6.446116
6.468933
6.4037657
6.3187003
6.5449924
6.470983
6.3922043
6.4989243
6.6174383
6.490038
6.602144
6.67099
6.725694
6.739985
6.714164
6.7695284
6.8442984
6.9321923
7.2141013
7.3941116
7.460086
7.4121084
7.5498133
7.5893497
7.6413217
7.566769
7.545305
7.5212183
7.5212855
7.5981483
7.594659
7.4923625
7.560479
7.607561
7.4750333
7.4831433
7.3896136
7.278927
7.1669188
7.1032505
6.9971027
6.9681835
6.9004526
6.87247
6.805594
6.7426686
6.690188
6.630449
6.6803975
6.4909387
6.5033746
6.4081893
6.4358807
6.435625
6.548337
6.576148
6.599305
6.582289
6.575064
6.5803366
6.509712
6.590261
6.6648345
6.667943
6.758148
6.8895035
7.0641313
7.1695623
7.2639475
7.336819
7.3157434
7.570923
7.478353
7.057958
7.023914
7.0124483
7.11317
7.101251
7.2021255
6.999889
6.7325487
6.8352537
6.5879874
6.466842
6.46084
6.3726716
6.497918
6.415854
6.425358
6.35054
6.344466
6.201139
6.2958345
6.2712054
6.402229
6.6251736
6.5769415
6.6932483
6.9254603
6.8306684
6.9801908
7.035983
7.0507555
7.0913754
7.0807524
7.157084
7.1492243
7.227703
7.185987
7.2972836
7.148251
7.1218863
7.1526337
7.3079915
7.306185
7.1505985
7.1666384
7.01963
6.830167
6.7595754
6.417304
6.396919
6.1346216
5.849354
5.6438074
5.595086
5.5308585
5.7888584
5.9917455
6.1276402
5.9183054
6.0104647
5.8603616
5.8294196
5.7453275
5.645324
5.659018
5.7899547
5.811501
5.8039885
5.8921275
5.8589654
5.7222595
5.7372465
5.754307
5.7348957
5.7488275
5.8589673
5.9762397
6.1542263
6.2771215
6.355027
6.4540477
6.5287824
6.5957174
6.6828346
6.883108
7.0978546
7.149673
7.3411965
7.576082
7.5037713
7.4792137
6.7200365
6.1895485
6.1580434
6.665094
7.2341094
7.408171
7.240105
7.7409897
7.802867
7.8591757
7.7790594
7.548256
7.197585
6.707611
6.397114
5.830616
5.6797066
5.237178
5.24963
5.0266438
4.939559
5.2106194
5.5836015
6.1790457
6.6208982
6.951559
6.9925313
7.0444813
7.2351513
7.2854156
7.270228
7.248689
7.0208807
7.0402017
7.1939793
6.8683853
6.940603
6.95372
6.9314637
6.7506895
6.8070636
6.7383866
6.900226
7.1011643
7.183674
7.254082
7.262202
7.068694
7.1717253
7.169508
7.2914543
6.9679484
7.235422
7.1437144
6.793955
6.836994
6.9113245
6.5023947
6.5980616
6.406908
6.512947
6.437134
6.643365
6.9722424
6.8513007
6.731365
6.5819206
6.631324
6.6356096
6.4895396
6.5259
5.979982
5.5392838
4.9145517
5.7114954
6.4976883
6.4445415
5.3104205
4.6035905
4.0460353
4.315283
4.3585896
4.6467996
4.760007
4.9243593
4.9750385
4.894507
4.868451
5.2132835
5.2787604
5.4462337
5.641602
5.782978
5.762334
5.7564178
5.6189146
5.7390003
5.7365623
5.856987
5.9619303
5.78702
5.839727
5.8021574
5.590213
5.6720147
5.7382803
5.667718
5.677326
5.817129
5.6866093
5.332808
5.166583
3.558003
4.830314
5.362913
5.639715
5.6200366
5.487001
5.6239243
5.578719
5.621459
4.894243
3.0248814
3.7084935
3.6253753
3.2403355
3.1100242
2.9560516
4.087401
4.251138
5.126402
5.3278847
4.8621264
6.338309
5.4982014
5.1561546
5.388049
4.9463663
4.6536303
4.544177
4.600259
4.08982
4.498514
4.3971024
4.4553924
4.461722
4.8580866
5.4424496
5.6620464
5.472862
5.2494297
5.1729217
5.185302
5.2626204
5.4445386
5.65714
5.814723
5.900185
5.6702886
4.106263
4.6606817
5.917907
4.8828297
4.61012
4.3072653
4.263979
4.4326725
4.313611
4.3511715
4.357416
4.606
5.9333744
4.5315723
4.063558
4.522025
4.338017
4.6690774
4.5643973
4.6788373
4.9719467
5.1598425
4.8546305
4.2857223
3.974678
4.423214
4.9073696
4.3342257
4.2403197
4.541972
5.064725
5.552856
5.9507885
6.4029036
6.481065
6.27141
6.253833
6.1293364
6.015462
5.778316
5.731932
5.7320743
5.660786
5.6691546
5.5890865
5.7965446
5.998919
6.1485763
6.3648796
6.1962037
6.195141
6.3969226
6.441967
6.3350873
6.446445
6.537258
6.3964615
6.324895
6.207548
6.1899233
6.268546
6.3428764
6.185836
6.2682376
6.259328
6.2486215
6.3435698
6.3762264
6.288351
6.278468
6.3845215
6.484376
6.4842806
6.4674654
6.467179
6.293835
6.2966022
6.173234
6.1087685
6.126543
6.161685
6.3360605
6.4906616
6.5290327
6.5806055
6.4964776
6.5446844
6.5001564
6.395161
6.3536897
6.28841
6.4315553
6.432649
6.3774476
6.169308
6.363717
6.352226
6.3236084
6.270144
6.300498
6.557191
6.657575
6.7727084
6.8037615
6.9873104
6.834847
6.7889853
6.6699924
6.7671785
6.584913
6.7623816
6.771147
6.7383776
6.64943
6.6155396
6.6861935
6.740466
6.8438396
6.929328
6.9764805
7.0611625
6.859673
6.8923492
6.751678
6.672599
6.6472697
6.4565816
5.9937115
5.6021023
5.5597296
5.862434
6.0154734
6.0272064
5.851569
6.147216
6.6120663
7.2079024
7.1543183
6.9785333
6.37413
6.0609694
6.162834
5.980078
5.9784536
6.46195
6.6136227
6.707898
6.7135878
6.6963816
6.7343683
6.5247774
6.6326146
6.409173
6.423421
6.5898438
6.6041
6.8001018
6.9576893
6.847518
6.6841254
6.544426
6.6575427
6.9081674
6.9284935
6.9378605
7.1754
6.4704604
5.907072
6.15876
6.344915
6.04351
5.751651
5.2220745
4.3349338
3.344461
4.2879934
4.0031815
4.0149555
4.0707088
3.994761
3.9621491
4.218075
4.3994794
4.3666887
4.513339
6.9044466
7.3847895
7.232339
6.910568
6.2715797
6.554696
7.1814322
7.448551
7.6836243
7.544777
7.421801
7.414838
7.233945
7.620996
7.350979
6.938096
6.9381285
7.025359
6.9522953
7.015526
7.1114416
6.952545
6.7432127
6.551668
6.690775
6.822131
6.765923
6.586419
6.506263
6.166121
6.203184
5.947667
5.8314056
5.3053656
4.9137607
4.9139004
4.7266436
4.128639
4.1491723
4.0409718
4.2336607
4.129567
4.3357887
4.1608644
4.328796
4.250557
4.1816335
4.249949
4.1872463
3.835178
3.8762496
4.206146
4.0189424
4.3459907
4.289422
3.576302
3.8158536
3.9407713
4.354473
4.285767
5.1472178
4.7781844
4.8429604
4.1851006
3.9417846
2.7099726
4.0775204
4.2955484
4.7090797
5.263938
2.743692
2.5769172
3.275764
5.482331
5.1718345
3.6256676
3.8457854
5.0866904
4.270176
3.251214
2.6491656
1.1407841
1.4751167
2.5173898
2.046268
2.8718286
2.1752775
2.341467
2.0456371
0.54505986
0.5469184
2.1720161
0.50837266
0.51860493
0.7371576
0.42582938
0.50099576
0.524427
0.63465035
0.94643974
0.73825866
0.29612237
0.4147691
0.5105789
0.3963179
0.57196856
0.5678556
0.33048463
0.29527792
0.6269289
0.60401297
0.56547326
0.65839374
0.81100976
0.7873949
1.0577301
1.4394276
1.4999734
1.6604745
1.0510181
0.7368205
1.5065699
1.571918
1.4126284
0.85535824
1.1297053
0.8009427
0.7548898
0.7452721
0.7916548
0.7755678
0.6935607
0.75229645
0.44390726
0.7203494
1.568349
3.0597465
1.7608405
3.0238705
3.9706948
4.460693
4.061931
5.0309286
4.668151
3.9810514
4.0194874
4.0938764
4.191767
4.0910544
4.0467634
4.0935326
4.0987153
4.21328
3.8779922
4.126069
4.520677
4.104343
3.8068209
4.57808
4.332954
4.534704
3.968986
4.772476
5.2119255
4.333969
4.508711
4.432385
4.284028
3.995409
5.26748
4.019326
4.084983
4.9220824
5.526997
5.353846
5.1323795
4.986898
5.1195707
5.664952
5.8177624
5.8862524
6.1091747
6.1327806
6.27534
6.4450846
6.5642157
6.3358006
6.229366
5.942022
5.9245043
6.015375
6.1491766
6.1853266
6.2682314
6.2607613
6.2169824
6.280982
6.4374285
6.217576
6.0535135
6.0354605
6.108073
6.299671
6.464464
6.6107016
6.8092647
7.0538845
6.9943895
6.9048786
7.054511
7.1547794
7.1528773
7.16468
7.110847
7.140807
7.196928
7.1370487
6.994511
6.7651043
6.6782126
6.437743
6.602119
6.451942
6.819023
6.7166157
6.894028
7.05814
7.031519
6.982686
6.8246226
6.6978
6.686749
6.541121
6.46908
6.6332054
6.857928
6.791294
6.6469254
6.648296
6.780364
6.5822973
6.6184072
6.369998
5.930091
5.4090548
5.088085
4.5980163
4.042846
4.7133474
4.6349654
4.4508457
4.279136
4.373145
4.16787
4.2831755
4.3039846
4.310749
4.2869625
4.2100916
4.0455337
4.11344
4.329383
4.1077585
4.1238546
4.704315
4.4700403
4.3659086
4.627833
4.877801
5.0637746
4.9473047
4.795797
4.436098
4.346318
4.295759
4.458871
4.2343483
4.3954763
4.490997
4.335149
4.148972
4.071285
5.334356
5.3705244
5.111372
4.9445715
4.6645193
4.055128
4.5610824
4.388975
4.658188
5.0670037
5.155922
5.063427
4.887217
4.6940885
4.922616
4.5595074
4.286021
4.3877983
4.119982
3.855807
3.5899053
3.282498
3.281416
3.759389
3.804308
3.8649075
3.8923285
4.1600766
4.2777824
4.62738
5.1189685
5.3624625
5.2698736
5.461029
5.548847
5.3061304
5.1826153
4.9915953
5.2885213
5.7659087
5.8956985
6.0257363
6.13884
6.2991433
6.2697687
6.142939
5.8333397
5.5289607
5.326399
5.054904
5.0727787
4.9630785
5.079566
4.8415723
4.802925
4.8809924
4.939818
5.0708866
5.1391687
5.352147
5.57001
5.5489397
5.814513
6.167301
6.258741
6.47437
6.8994737
7.022582
7.0633373
6.93841
6.971958
6.583229
6.1062756
5.9470844
5.919997
6.15078
6.2129283
6.0963454
6.072178
6.16176
6.541979
6.5036983
6.660401
6.5166097
6.5551186
6.401614
6.357835
6.3085513
6.5261106
6.6167707
6.684499
6.6517735
6.6556168
6.733634
6.342695
6.1335793
6.079963
6.218835
6.1097703
6.3550653
5.7179384
5.5090423
5.4528055
4.8497577
5.7077446
5.1796064
5.673222
6.345974
6.157244
5.361179
5.685087
5.7738285
5.7835073
6.226527
5.9780083
6.1582465
6.339231
6.3712664
6.952187
6.917144
7.3585587
7.7439785
7.88476
7.786929
7.980961
7.920929
8.108723
8.023519
7.408849
6.625495
6.5199904
6.6149874
7.0462055
6.6464014
6.4558344
6.8530235
7.083066
7.331393
7.7707806
7.7130375
7.766644
7.711136
7.5739884
7.3616285
7.04256
7.2295156
7.244132
7.29248
7.164715
6.941671
6.8011856
7.1581426
7.184457
7.1392145
7.215889
7.31336
7.300523
7.511621
7.677794
7.676191
7.7594657
7.817055
7.75499
7.556898
7.486888
7.5061455
7.403739
7.2557006
7.2138953
7.028717
7.1784143
7.23127
7.196571
7.322855
7.44881
7.127024
6.7362733
6.3095303
6.505979
6.513363
6.5779796
7.0606112
6.916176
6.7402334
6.7170916
6.6040545
6.6487713
6.539331
6.683757
6.658034
6.902781
7.0633345
7.038784
6.893738
6.953251
6.924726
7.088286
7.1776114
6.9226503
6.859575
6.7526064
6.995488
7.2570896
7.195812
7.2682233
7.389295
7.5078936
7.6007967
7.496459
7.598582
7.374449
7.3241153
7.4299912
7.314781
7.132647
7.063316
6.985182
6.799818
6.645902
6.622317
6.7192326
6.7046404
6.733506
6.632699
6.553894
6.446343
6.3250575
6.296939
6.291638
6.1581283
6.214753
6.263824
6.2848268
6.236669
6.1977158
6.265109
6.209294
6.174391
6.0602655
6.0317097
5.8898993
5.9981327
6.0663834
6.13394
5.9838004
6.049263
5.936983
5.984896
6.0450354
6.1766257
6.088256
6.139001
6.091932
6.1869226
6.321678
6.439365
6.40222
6.6082706
6.624291
6.6840053
6.732954
6.77071
6.876416
6.930354
7.050397
7.213626
7.429903
7.506239
7.573535
7.43371
7.518097
7.35746
7.3524075
7.365741
7.2088537
7.1914864
7.0878253
7.0655313
6.935041
6.621863
6.795099
6.651041
6.6842065
6.7179394
6.8336205
6.825845
6.8412085
6.879488
6.856598
6.845582
6.6092005
6.4987626
6.5395074
6.464286
6.4907274
6.4321637
6.332351
6.2991347
6.31121
6.4358497
6.4063406
6.36
6.547247
6.66715
7.1325693
7.1326
7.0575376
7.210614
7.299468
7.334985
7.420131
7.6066265
7.605796
7.6135087
7.537265
7.5423822
7.786122
7.7722282
7.742274
7.7234106
7.6432867
7.4651747
7.0983906
6.8493586
6.635149
6.5679827
6.492624
6.266481
6.1566114
5.997195
5.8992105
5.888465
5.892112
5.9373045
5.831174
5.7966447
5.7724566
5.7291822
5.7792273
5.9340906
5.887694
6.054846
6.1371536
6.1293592
6.13945
6.2108507
6.2791653
6.396513
6.6154494
6.7608805
7.0894876
7.4758983
7.7031507
7.875386
8.08331
8.192547
8.215255
8.118169
8.017246
8.072681
7.865494
7.8829412
7.69701
7.7180142
7.524617
7.486979
7.3597145
7.3160567
7.3464465
7.3812943
7.3011045
7.3857203
7.465284
7.2685585
7.135263
7.081244
7.102985
7.0885477
7.1575985
7.1265984
7.096574
7.1193094
7.1993923
7.3928933
7.6798444
7.6227503
7.7210264
7.701796
7.625827
7.5632195
7.68603
7.8892717
8.119408
8.174584
8.189897
8.123031
8.129649
