10000
9.127788
9.237333
9.192924
9.400264
8.924654
8.979168
9.303606
9.143328
9.288075
9.190889
9.101282
9.146955
8.960729
9.052377
9.050736
8.948596
8.835316
8.651083
8.737587
8.808565
8.737007
9.031335
8.938589
8.669897
8.637947
8.496953
8.63034
8.524169
8.505775
8.263141
8.211651
8.155886
8.358324
8.497122
8.436258
8.527552
8.633081
8.384255
8.866008
8.65244
8.649445
8.383406
8.490873
8.619668
8.73443
8.45199
8.339079
8.744359
8.748713
8.735388
8.870134
8.829735
8.854772
8.828053
8.76233
8.773753
8.789802
8.881703
8.794479
8.781958
8.784883
8.850291
8.764454
8.7454195
8.815357
8.720585
8.679258
8.69367
8.568507
8.687878
8.645635
8.5007925
8.796103
8.675663
8.780854
8.703585
8.829662
8.815728
8.883272
8.845204
8.831335
8.83473
8.691309
8.731336
8.723713
8.6202755
8.662733
8.66713
8.664998
8.720906
8.706746
8.708516
8.578754
8.590677
8.566035
8.644251
8.614127
8.6049595
8.54435
8.358922
8.467907
8.400191
8.76051
8.588143
8.457734
8.5572815
8.584902
8.535766
8.59687
8.643661
8.582482
8.647246
8.694017
8.677554
8.766081
8.80623
8.771421
8.7803955
8.6232
8.609903
8.556477
8.389732
8.4221
8.456355
8.372909
8.339329
8.470493
8.620371
8.53465
8.511654
8.535326
8.557391
8.496237
8.367113
8.434979
8.431688
8.456921
8.4062605
8.499344
8.472478
8.59454
8.715667
8.78094
8.849518
8.661637
8.822108
8.878188
8.889339
8.78209
8.750106
8.743695
8.709784
8.844475
8.745004
8.847871
8.485456
8.31856
8.265937
8.34008
8.506201
8.537752
8.727782
8.796762
8.82726
8.850618
8.70761
8.84516
8.891994
8.87393
8.818893
8.628351
8.694806
8.643458
8.565096
8.470384
8.502607
8.369914
8.504977
8.52401
8.419135
8.41489
8.405286
8.387106
8.500763
8.466928
8.519144
8.586747
8.710489
8.562938
8.6719885
8.849225
8.7766075
8.71143
8.558471
8.365828
8.361826
8.357144
8.460427
8.323723
8.646443
8.40985
8.511318
8.3836355
8.296762
8.128908
8.088094
8.06209
8.071295
8.117987
8.012058
7.9817142
7.828605
7.837025
7.7781906
7.7531667
7.758854
7.838551
7.8287635
7.9241586
8.058413
8.142304
8.02183
7.87056
8.01246
7.833707
7.771203
7.6978087
7.7010407
7.627022
7.6980867
7.6940923
7.7244544
7.813843
7.844395
7.937834
7.8499784
7.8218064
7.823205
7.91844
8.049481
8.134424
8.015777
8.129337
8.053056
8.017731
7.9946027
7.8938165
7.940632
7.8959017
7.5256543
7.784947
7.5812163
7.8514295
7.681419
7.8643017
7.9181037
7.8492026
7.9121833
8.055624
8.030127
7.9904966
7.90339
8.08682
8.055785
7.8919706
7.99156
8.118208
8.054354
8.091427
8.290124
8.431803
8.3812895
8.439159
8.355872
8.468561
8.274612
8.200718
8.201263
8.147515
8.219771
8.216749
8.420252
8.444992
8.419151
8.593322
8.398242
8.124975
7.9586277
7.9273696
7.95909
7.931301
7.995459
7.958973
7.9782414
7.9974127
8.108934
8.018592
8.22317
8.2684145
8.229864
8.261659
8.118756
8.2567425
8.138024
8.042206
8.017881
7.980824
7.9311132
8.0996275
8.0045805
7.8270893
7.7429724
7.71685
7.8742323
7.8661585
7.626313
7.8985076
7.7424946
7.8761315
8.013559
8.200888
8.100247
8.1076
7.690963
7.463101
7.403577
7.4186816
7.5052137
7.603945
7.7116413
7.655026
7.5658154
7.390772
7.524503
7.618036
7.5443854
7.534113
7.5524917
7.7342067
7.6734667
7.5882525
7.496422
7.5214934
7.4925103
7.5673485
7.684956
7.884246
7.9745393
8.201442
8.144332
8.259206
8.327935
8.391154
8.324768
8.349378
8.253002
8.243071
8.276353
8.2537
8.186645
8.271388
8.111691
8.133137
8.003206
8.00302
7.8991747
7.8806086
7.873354
7.6888776
7.4677405
7.584933
7.487032
7.2715893
7.3779297
7.320306
7.4463634
7.3338504
7.3885
7.4935217
7.3273487
7.547091
7.6403346
7.6155066
7.737068
7.7177267
7.8798614
7.9715967
8.019769
8.090391
8.054012
8.088376
8.009943
8.009667
7.9355474
7.7669196
7.6930485
7.964574
7.672787
7.584574
7.82852
7.9835587
8.108903
8.252742
8.384738
8.443629
8.302241
8.247438
8.015532
7.851335
7.713516
7.440187
7.4876256
7.443248
7.2829323
7.36444
7.3920574
7.386106
7.460197
7.550853
7.6467357
7.6952353
7.6633253
7.518525
7.471895
7.4911866
7.4515142
7.5173764
7.6844482
7.3261538
7.457934
7.5449657
7.478552
7.6184616
7.2056856
7.269381
7.408792
7.160041
7.138266
7.08773
7.4358106
7.2032766
7.150064
7.0371923
6.9015927
6.9174137
6.8019457
6.565108
6.471748
6.210549
6.2514896
6.249653
6.158809
6.2984366
6.242452
6.396413
6.466757
6.621052
6.7272477
6.6310453
6.630044
6.487053
6.4439635
6.361894
6.3399377
6.4752345
6.275509
6.247999
6.4003415
6.7967973
6.68523
7.012203
7.25303
7.0452285
6.8644753
6.6068964
6.2364817
5.959804
6.037096
5.921303
6.040133
6.4144354
6.232272
6.1798716
6.4285216
6.261461
6.3650384
6.394424
6.1711125
6.1385865
6.157331
6.209853
6.1663947
5.977982
6.2251606
6.058145
5.8178825
5.7122765
5.5281353
5.2951517
5.142578
5.20978
5.1620092
5.3047695
5.2422624
5.1745167
5.4343605
5.455942
5.3752136
5.4577475
5.5097075
5.415903
5.4163394
5.307077
5.243493
5.2539563
4.9319067
5.4137993
5.278546
5.4094043
5.408931
5.2117286
5.372611
5.622843
5.3841767
5.514591
5.29059
5.385893
5.102942
5.14752
5.298855
5.553114
5.58839
5.9718804
5.866079
5.9928803
6.195128
4.673034
5.2549806
5.3195662
5.4441743
6.061212
6.407338
6.2496595
6.436652
5.938796
5.958625
6.075714
6.1277223
6.399161
6.592281
6.6336255
6.548988
6.5020957
6.582445
6.5374804
6.684122
6.992879
6.536572
6.538898
6.3161173
6.026041
6.362279
5.61515
5.862693
6.214055
6.338761
6.106267
6.326926
6.224597
6.2480545
6.2095494
6.3076324
6.3961306
6.231779
6.149466
6.1194043
6.4786744
6.659651
6.8907475
6.710035
6.3379
6.3375664
6.366516
6.341098
6.0583
6.0085015
6.037992
6.1363544
6.0887475
6.2412453
6.191164
6.0119925
5.871992
6.034135
6.075424
6.219841
6.3332686
6.2454796
6.3298197
6.415697
6.5786543
6.697262
6.5388775
6.6648293
6.6526995
6.5125704
6.3661556
6.423196
6.2257023
5.947023
6.008225
5.842184
6.2879915
6.2149463
6.5299006
6.4477754
6.5474
6.6299043
6.961645
7.0324345
7.0597277
6.814846
7.1936707
7.223168
7.0874915
6.730456
6.7647414
6.7686453
6.854385
6.4722543
6.5511885
6.518621
6.579715
6.496703
6.458074
6.6012936
6.3775644
6.4078894
6.4244194
6.6045394
7.0372496
6.950733
7.0537167
7.034656
7.3077445
7.052797
6.880392
6.8523173
6.9298067
6.809733
6.5668473
6.4404984
6.6393065
6.470604
6.653409
6.851301
6.9142823
6.773111
6.662504
6.8330984
6.8062634
6.6683555
6.9682255
6.496749
6.664768
6.481851
6.505766
6.6534348
6.9268217
7.0137987
6.859097
6.4686594
6.177194
6.2174945
6.147131
5.8688235
5.778635
5.619034
5.453577
5.2230434
5.113462
5.2078767
5.4469795
5.598954
5.3424544
5.2928004
5.50758
5.70093
5.63468
5.2914143
5.1768303
5.621105
6.2079544
6.4472003
6.6057773
6.2786818
5.945631
5.6643176
5.2071195
5.189899
5.0583878
5.066011
5.3307
5.633291
5.725276
5.847329
5.947894
6.251957
5.9760065
6.1702967
6.120884
6.668514
7.032176
7.189359
7.135386
6.9826903
7.1944027
7.5035734
7.5672708
7.4942145
7.5169964
7.3432813
7.316293
7.1877065
6.975391
6.7752414
6.8070674
6.6300063
6.46159
6.172982
6.387636
6.4339485
6.244914
6.418111
6.26331
6.2384186
6.169542
5.8654838
6.0153427
6.2042212
6.3499165
6.267145
6.398431
6.5759964
6.4265776
6.6374617
6.4373336
6.4282265
6.6329007
6.7398667
6.853866
6.9108534
6.8607554
6.445791
6.062449
5.883459
5.855166
6.202972
6.245871
6.315367
6.393467
6.3838167
6.5620527
6.423153
6.292304
6.530057
6.266773
6.2932267
6.108846
5.8948474
5.6025143
5.5247817
5.6968613
5.758538
5.8198953
5.1236825
5.0450883
4.7713127
4.9105606
4.938696
5.338056
5.441419
5.3867097
5.381816
5.42836
5.659245
5.6518903
5.4238997
5.86275
5.574425
5.437877
5.3853273
5.374403
5.60297
5.4706287
5.6106153
5.7017612
5.986401
6.019414
6.1782417
6.2966566
6.0115247
6.274377
6.1339993
5.8673863
5.7465134
5.832791
5.9711194
6.006321
6.044261
5.930305
5.8466225
5.838833
5.7243433
5.757496
5.6452975
5.9065113
5.819396
6.314441
6.0497212
6.0720234
6.1416163
5.9666915
6.1172614
6.2909126
6.3924694
6.6330233
6.667424
6.3575053
6.3881955
6.1639466
6.1857257
6.433464
6.3398027
6.1990027
6.461222
6.04687
6.414531
6.6791253
6.685782
6.709877
6.7315803
6.8032923
6.962085
6.8676186
6.7200356
6.9897757
6.756093
6.9193764
7.0705667
6.9749155
7.1539326
7.182783
7.2336597
7.3348036
7.400898
7.401684
7.31894
7.36539
7.46596
7.160845
7.2526894
7.0749726
7.123913
7.040086
7.2048016
7.0456486
7.1760845
7.1728354
7.238591
7.211616
7.220814
7.190102
7.1932073
7.3071766
7.2507877
7.170766
7.059088
7.1057
7.048238
7.1351075
7.178437
7.270035
7.2797136
7.2017717
7.2578254
7.1585317
6.8723173
7.316879
6.7685256
6.6144295
6.303507
6.0138383
5.8570724
5.983489
6.0429373
6.2033563
6.0921774
6.143539
6.020093
6.368208
6.2709336
6.439999
6.4490767
6.522399
6.395383
6.68871
6.5452967
6.7477407
6.606677
6.7883105
6.8497543
6.6705613
6.7651153
6.8159504
6.9686155
7.303492
6.949466
6.9164343
6.8518963
6.8557005
6.6166544
6.555635
6.753416
6.5160155
6.6155443
6.750267
6.9481707
6.787372
6.879082
6.897719
6.770174
6.910726
6.8035617
6.8695707
6.8977146
6.9051366
6.8388205
6.8872194
6.869547
7.0221167
7.138545
7.2453923
7.145811
7.0347548
7.0816965
7.3028812
7.3403916
7.462223
7.5491543
6.953218
6.9007893
6.9275417
6.969441
7.0861564
7.1775255
7.0995874
7.171818
7.164365
7.015667
6.882698
6.586306
6.5445523
6.666965
6.7128086
6.3902044
6.4857726
6.446445
6.8506613
6.7000318
6.5146327
6.52404
6.5957417
6.9054275
6.8905478
6.861119
6.580894
6.078065
6.1117697
6.215337
6.780099
6.799124
6.9378924
6.850313
6.784356
6.782275
7.0673704
6.953236
6.9110727
6.964121
6.8826675
6.6395397
7.0006337
7.0990667
7.35595
7.2387347
7.1205363
6.924531
6.979642
6.865752
6.5782657
6.663765
6.8659315
6.765862
6.5905123
6.65091
6.5159206
6.611681
6.620549
6.4609156
6.764888
6.6315165
6.7966747
6.793998
6.8597193
6.6665936
6.7822046
6.858617
7.100996
6.9607716
7.0173845
6.794447
6.635563
6.538107
6.31343
6.393243
6.3342257
6.5188856
6.56237
6.4484005
6.550734
6.5913115
6.7169776
6.7932777
6.5914145
6.778812
6.683984
6.8244095
6.793245
6.784133
6.7293177
6.679455
6.6968207
6.712667
6.833578
6.859726
6.9815044
6.7790604
6.8278046
6.709255
6.8118534
6.6436405
6.7329693
6.640062
6.858414
6.4570484
6.417721
6.359801
6.383773
6.1988134
6.1768665
6.0904074
5.693196
5.585526
5.7226963
5.6191483
5.7558174
5.6614
5.9622426
6.519739
6.8505054
7.120675
6.688379
6.7228236
6.7425528
6.8531194
6.9243126
7.000656
6.9593306
6.771091
6.4522285
6.185458
6.31836
6.263732
5.907471
5.950425
5.864484
6.0239472
5.878867
6.038221
6.1165857
6.938863
7.0244627
7.001607
6.8155966
6.686701
6.821667
6.900339
6.9991913
6.8626494
6.9232974
7.0792847
6.7927365
6.828368
6.7020793
6.6766872
6.94819
6.8819304
6.4345713
6.03062
5.6020823
5.327815
5.380558
5.6062593
5.829569
6.196012
6.1569805
6.192137
6.2652082
6.298821
6.1609898
6.3152704
6.1528416
6.5525846
6.6989045
6.6406937
6.5160446
6.452298
6.493286
6.50456
6.491839
6.5096884
6.6228676
6.7357087
6.6970186
6.8327556
6.830897
7.045069
6.969707
6.947831
6.9263663
6.847017
6.7084703
6.6272697
6.612307
6.7299666
6.779431
6.771258
6.621828
6.4264784
6.4156313
6.3846655
6.2439303
6.055698
6.2650166
6.068261
6.059552
5.9133215
5.912036
5.9505076
5.7084594
5.7405024
5.8131204
5.847308
5.909305
6.021716
6.0748796
6.4222255
7.0598226
7.307513
7.0370893
7.0249395
7.0156207
6.966376
6.7888603
6.6172137
6.5453477
6.5457134
6.3647394
6.521544
6.5748825
6.570687
6.78087
6.724371
6.758751
6.824483
6.8388934
6.816456
6.797519
6.9514856
6.959933
6.830036
6.953979
6.733593
6.756139
6.6292973
6.6959305
6.6960573
6.589738
6.764058
6.833748
6.8271604
6.779518
7.035189
6.8627872
7.0059094
6.7093477
6.6973534
6.6605415
6.7240653
6.7664957
6.9858723
6.918886
6.9456615
6.8715353
7.0236745
6.9046164
6.762036
6.7714863
6.6655254
6.7554874
6.892062
6.8115788
6.8225107
6.8830376
6.9487906
6.9851418
7.0177965
7.182838
7.017475
7.258155
7.132744
7.280418
7.4390674
7.4910135
7.3054814
7.3385506
7.34383
7.3702607
7.4245844
7.3819213
7.592181
7.546861
7.6171985
7.207236
7.1810417
7.305361
7.3196445
7.272089
7.2573476
7.230376
7.077217
6.855589
7.00317
6.8199654
7.034408
6.8246555
6.7020583
6.555472
6.655362
6.625931
6.8718967
7.274647
7.2319036
7.201167
7.113224
7.0918097
7.046574
7.084308
6.9849567
7.1735835
7.043095
7.076486
7.140384
7.1350994
7.0461698
7.052695
7.0294805
6.9986763
6.9772615
7.0214586
6.9437704
6.8108783
6.7874737
6.6922665
6.7033057
6.8225245
6.565829
6.4956894
6.3636913
6.3352337
6.3091445
6.2489815
6.2858477
6.351059
6.284576
6.1023726
6.1917734
6.178723
5.913772
5.7565684
5.544641
5.7276845
5.8034806
6.0022902
6.152775
6.2904124
6.1958866
5.921504
5.96448
5.9084826
5.973226
6.0151277
6.2804894
6.5704336
6.6170225
6.3924
6.320957
6.521473
6.4809637
6.6471033
6.4452496
6.5341997
6.4992447
6.951099
6.731444
6.39244
6.5659046
6.5527463
6.5893035
6.7013326
6.4649773
6.1220074
5.9485016
5.8733664
5.983992
5.7790604
5.9641423
6.1682076
6.0708146
6.0165644
6.0703073
6.068844
6.251105
6.3177967
6.4044647
6.4246006
6.5553904
6.828475
6.699724
7.0360947
7.0612507
6.6733174
6.6415505
6.588844
6.7791715
6.636782
6.5692425
6.5400887
6.6751037
6.5624247
6.609652
6.450245
6.492583
6.469421
6.5286894
6.5167966
6.7299943
6.756929
6.7021747
6.510188
6.462351
6.225398
6.531941
6.6513743
6.666089
6.6545143
6.818696
6.6884847
6.5269413
6.407878
6.31473
6.382341
6.3705516
6.4047685
6.346881
6.3160553
6.5078287
6.5778193
6.620249
6.648571
6.5709367
6.381879
6.279487
6.355112
6.3435802
6.233575
6.1185265
6.1605287
6.523374
6.3322616
6.391159
6.4479895
6.165127
6.1077237
6.309016
6.4392314
6.305288
6.383491
6.0671225
5.999564
6.080061
6.275676
6.2869964
6.4039326
6.321001
6.3178444
6.268508
6.377883
6.397037
6.4188066
6.4359612
6.3767014
6.2661924
6.1596613
6.0721116
6.051951
5.954956
5.901586
5.87952
5.8373923
5.787695
5.8488145
5.7881474
5.8062835
5.694746
5.7371864
5.7271075
5.8546643
5.7937202
5.7361374
5.664485
5.264063
5.3296084
5.1632185
5.15895
5.1462593
5.2937746
5.19456
5.3160496
5.635435
5.9202423
5.8819647
5.914617
5.8281097
5.868941
5.8713417
5.74959
6.245506
6.400723
6.221458
6.147452
5.9829173
5.657961
5.635492
5.639709
5.7457256
5.657196
5.8478975
5.503927
5.4557447
5.0039225
4.9373326
4.7202444
4.92115
5.2126474
5.5156317
5.176658
4.928094
4.714947
4.6922283
5.0406566
5.3640285
5.4303846
5.5276117
5.4528594
5.3620567
5.413637
5.4931006
5.553806
5.588876
5.5486345
5.5105267
5.4148316
5.2700896
5.210191
5.1754723
5.1143107
5.1959896
5.097564
5.1423173
5.1333847
5.093239
4.9095125
4.818245
4.77604
4.83624
5.0052676
5.1086187
5.26688
5.316197
5.3245835
5.415823
5.504646
5.648286
5.7061405
5.4960966
5.402867
5.47206
5.5212603
5.3101687
5.580254
5.65792
5.724798
5.522494
5.4603367
5.1130753
4.9133286
5.0082006
5.0029926
5.0619416
5.11232
5.061316
5.1796417
5.143363
5.1648073
5.2086244
5.020575
4.9133277
4.9685044
4.7506294
4.7510777
4.785217
4.735897
4.5224853
4.812889
4.8042426
4.561337
4.7584543
4.7067714
4.9313726
4.96908
5.0495267
5.008877
4.9029756
4.7724614
4.6495047
4.589325
4.511545
4.4779663
4.3686914
4.414988
4.545786
4.354122
4.468449
4.3879375
4.447244
4.6215234
4.6594615
4.7533736
4.627226
4.6506805
4.4704323
4.504652
4.6697335
4.812615
4.7389097
5.098202
5.306192
5.4476156
5.3923717
5.597106
5.5149226
5.4801183
5.4770617
5.378516
5.526014
5.510089
5.3820353
5.3323507
5.5961504
5.115817
5.284301
5.5990295
5.614809
5.8823843
5.8986077
5.780788
5.683126
5.6427965
5.648533
5.527932
5.6609573
5.4358535
5.8214426
5.99308
6.075142
6.156174
6.157764
6.1239944
6.171755
6.0190372
6.118402
6.019608
5.9888496
6.1010246
6.026501
6.2127485
6.0535364
6.027093
6.2620077
6.2680717
6.077429
6.259373
5.7454543
6.12996
5.9632115
5.990999
5.8004622
5.77487
5.6151104
5.893685
5.934984
5.970609
5.915346
5.904549
5.925899
5.835292
5.993045
5.9876
5.960011
5.9421406
5.982677
6.056934
6.008564
5.9401383
6.07845
5.722848
5.6983547
5.5943966
6.0398407
5.873574
5.8381143
5.80229
5.9857287
6.2338285
6.563628
6.617258
6.5768824
6.2759614
6.4733124
6.7798557
7.300422
7.211173
7.230941
7.262552
7.063367
6.7322116
6.7509937
6.730016
6.572583
6.445189
6.597204
6.7059608
6.607136
6.3580236
6.1769037
6.07259
5.9584827
5.976908
5.8035245
5.73699
5.667647
5.60445
5.4107537
5.376379
5.4645796
5.5211596
5.690404
5.81269
6.03387
5.977912
6.1030326
5.883655
5.728113
5.656274
5.8291383
5.9642167
6.0965323
6.224192
6.1911287
6.125002
6.44419
6.7379127
6.8619885
7.0165167
7.242875
7.3099027
7.707072
7.7766047
7.9814687
7.645632
7.224357
7.1651692
7.20321
7.2592077
7.142725
7.0393763
6.9470935
6.9710426
6.917327
6.937862
6.8188524
6.7364383
6.439393
6.2773995
6.2080455
6.225988
6.0578785
6.032772
5.8075795
5.8313417
5.5437512
5.4554977
5.458557
5.6381617
5.887988
6.0524135
6.290377
6.5634947
6.456747
6.8138895
6.897192
7.2168636
7.38456
7.2383623
7.429027
7.4074144
7.592642
7.674591
7.9320216
7.913384
7.730164
7.3407726
7.2085185
7.2242546
7.404474
7.477523
7.682261
7.621098
7.5951085
7.5319023
7.6173286
7.4609733
7.6441994
7.303325
7.3532295
6.9736905
7.1212344
6.8705106
7.1534195
6.9621143
6.972971
6.7972603
6.892391
6.4741945
6.487257
6.2463255
6.2370143
6.332765
6.631878
7.028952
7.174056
7.2738533
7.2234955
6.935286
6.9536867
6.687426
6.6278324
6.9022813
7.1079035
7.3090463
7.136665
7.280412
7.5371532
7.795539
7.9280453
8.102183
7.8711495
7.53988
7.342509
7.346016
7.7586164
7.8233066
7.7611275
7.642422
7.6101108
7.656636
7.4113216
7.3913713
7.362408
7.0279794
7.024558
6.711511
6.8887944
6.44767
6.63268
6.241186
6.2641044
6.2100544
6.2656736
6.2494135
6.223042
6.1329494
6.2435884
6.309052
6.764266
6.9824643
7.212519
7.1599493
7.044903
6.725493
6.827482
6.768857
6.756898
6.619137
6.7182913
6.5096326
6.3970037
6.189559
6.3551593
6.2006955
6.1863394
6.108564
6.204898
6.515659
7.0496926
7.2192435
7.154843
7.2217164
6.8864493
6.5444427
6.447368
6.267484
5.8997784
6.1326466
6.530116
6.7394023
6.4388833
6.545987
6.3761373
6.7060676
6.936927
6.9258823
7.0415325
7.0917954
7.0558453
6.836922
6.9559903
6.996434
6.9949255
7.0240707
7.0228443
7.130603
6.9844627
7.07228
7.0410237
7.0811176
6.8789635
6.526635
6.4925575
6.6734543
7.1354227
7.082144
7.3780565
7.415748
7.5688496
7.699284
7.7787952
7.6879616
7.749384
7.499888
7.496108
7.649636
7.736737
7.8663855
7.881203
7.6815805
7.6218014
7.7365584
7.7636557
7.599135
7.6081223
7.421553
7.731557
7.477597
7.771905
7.560727
7.393743
7.3613577
7.3562193
7.3739805
7.200746
7.164685
7.0262384
6.9643335
6.757367
6.710174
6.7087336
6.754545
6.667187
6.4650755
6.2417297
6.461815
6.2485085
6.452342
6.721857
7.374942
7.118364
7.424355
7.25341
7.422377
7.433124
7.7120667
7.6399956
7.772261
7.7829337
7.847383
7.8486576
8.080887
7.940804
8.140541
7.7515473
7.4425035
7.099288
7.002652
7.1307044
7.060853
7.18575
7.178645
7.078534
6.898875
6.991475
6.588975
6.6808887
6.5524735
6.741788
6.5042233
6.36569
6.537737
6.406585
6.360612
6.829792
6.5685406
6.698479
7.0394025
6.6146965
6.594038
6.524802
6.604557
6.6809845
6.8030787
7.0197473
7.1252847
7.144416
7.3459635
7.4286284
7.526973
7.7130456
7.7164245
7.7335854
7.6083703
7.5699377
7.401074
7.489452
7.0997806
7.230781
7.0509896
7.2563453
7.2812815
7.0862603
6.9827585
6.8984537
6.8350706
6.8589463
7.1412115
7.023811
7.076546
7.2343035
6.8277717
6.7723713
6.7243567
6.650069
6.5444818
6.280414
6.281153
6.3149986
6.3468113
6.424113
6.059066
6.1510396
5.909443
5.765734
5.8889856
5.7827587
6.1058917
6.278298
6.537786
7.085468
6.792169
7.035458
7.3206453
7.585586
7.176344
7.3694334
7.2145996
7.201499
7.190604
7.3378673
7.1378264
7.03027
7.070945
7.2141905
7.142262
6.943
6.9004683
6.7520485
6.7386556
6.478429
6.3195314
5.9266467
5.7912054
5.880484
5.9314804
6.0900297
6.1334677
6.1894007
6.306834
6.094638
6.2439947
6.084534
6.0069227
5.842957
5.9060063
6.137083
6.2840195
6.5840435
7.0114975
7.075532
7.083913
7.265722
7.358137
7.573199
7.581872
7.5549197
7.864395
7.816363
7.9505134
8.016774
7.8039727
7.579281
7.4487176
7.7160344
7.5141783
7.4394813
7.2583146
7.125932
7.034381
6.9964886
6.9882426
6.5706234
6.287701
6.33214
6.2233734
6.1551166
6.241579
6.174511
5.9196234
5.7123265
5.528636
5.6584234
5.3988647
5.6439066
5.5208755
5.5577846
5.6500955
5.655697
5.8818035
6.2946334
6.5254664
6.654993
6.8962154
6.7561297
6.9617877
7.1775956
6.7870708
7.2675877
7.55109
7.7951884
7.58362
7.779863
7.786075
7.895262
7.8254504
7.3878064
7.5243716
7.175103
7.1507006
7.0900693
7.024807
6.8976455
7.043782
6.834891
7.021478
6.992343
6.923785
6.856432
6.817148
6.7376018
6.661876
6.716363
7.137573
6.927313
6.9989533
6.90557
6.745405
6.6936564
6.38615
6.3634477
6.119803
6.085268
6.219097
6.361975
6.462431
6.699112
6.7954116
7.087961
7.2696505
7.2462897
7.236417
7.160143
7.4276476
7.3628273
7.525523
7.4565363
7.2249317
7.1618156
7.0947847
6.772887
6.0635347
6.379521
6.2681704
6.355828
6.331529
6.2996116
6.2526956
6.3101873
6.3019104
6.7536874
6.407014
6.301191
6.056345
5.9959164
6.179519
6.2483277
6.4686933
6.0390477
6.0088105
5.934763
6.205219
6.0813923
6.4630713
6.4600644
6.6198516
6.5078864
6.9464912
6.8149924
7.0695567
6.843966
6.979062
7.073487
7.0461783
7.007805
6.8858476
6.439782
6.326981
6.4921446
6.5782027
6.573328
6.2960577
6.459819
6.400029
6.410855
6.011228
6.217994
6.0403337
5.741002
5.574935
5.6923985
5.8315616
6.0415606
6.060242
6.1305413
6.2260785
6.3297563
6.4767494
6.4359927
6.537708
6.561784
6.505487
6.8316903
6.695326
6.90372
7.04987
7.079546
6.8570724
7.078964
6.9587455
7.0163617
6.937369
6.9161997
6.218732
6.4044046
6.459996
6.4051533
6.413573
6.310446
6.281479
6.2048554
6.320262
6.199261
5.823732
5.9755177
5.7316465
5.506627
5.9707007
6.039843
5.979202
6.2455583
5.9361086
6.487059
6.323035
6.295925
6.0132527
6.043215
6.0211678
6.0825214
5.7369304
5.9883204
5.471292
5.3738747
5.2250977
5.5508947
5.8379335
5.8374443
5.864202
6.285507
6.22551
6.187124
6.0416317
5.9925466
5.8026333
5.8486013
5.811616
6.1129255
6.076252
6.4956965
6.453882
6.5833855
6.610914
6.530954
6.3203983
6.434106
6.457985
6.416724
6.2695074
6.301328
6.1671906
6.278742
6.2998033
6.5349503
6.3788853
6.252342
6.529673
6.484788
6.4500113
6.437691
6.318263
6.2637305
5.990504
5.944975
5.9323587
5.9078526
6.007744
6.1938663
6.4522505
6.496063
6.7602606
6.7554836
6.8910923
7.1395664
7.41302
7.333522
7.1812515
7.1795397
6.9125824
6.589141
6.4925213
6.4973845
6.4642115
6.9735446
6.7988753
6.804739
6.441415
6.3410683
6.5062404
6.6098895
6.6134753
6.18623
6.1902633
5.577114
5.8986073
6.558455
6.6591687
6.5093575
6.9968376
7.0764823
7.181277
7.1731443
6.903657
7.1587586
7.0982304
6.9003177
7.2357435
7.1374273
7.1216784
6.8011723
6.963971
7.4053125
6.9880643
7.007191
6.3162017
6.566254
6.1683483
6.8817735
6.896686
7.135939
7.542001
7.271488
7.291266
7.090989
7.254047
7.2368984
7.047119
7.342572
7.05411
6.76418
6.8538055
6.834605
6.880892
6.76318
6.8279567
6.918085
7.0705905
6.885047
6.8554993
6.692829
6.8576655
6.668486
6.6571636
6.8742323
6.6837716
6.8580027
6.6844296
6.6309376
6.638636
6.664039
6.6709204
6.6775904
6.5555935
6.8788366
6.6983747
6.6211653
6.6642947
6.7800527
6.89216
6.645491
6.9408937
7.1355863
7.1892333
7.305309
7.191156
6.881783
6.695843
6.8703613
7.0583344
7.0689907
6.6064224
6.7256975
6.4843597
6.2907925
6.55245
6.7189436
6.4921055
6.4404874
6.360448
6.4763145
6.138867
6.086213
6.249734
6.2241173
6.158525
6.158971
6.0793085
6.280856
5.912421
6.3630047
6.536085
6.4198804
6.1311483
6.0518403
6.30621
6.158772
6.754532
6.869197
6.9170046
6.9513555
7.0120797
7.0795016
7.3311896
7.1528516
7.203927
7.1004725
7.2309275
7.5407
7.507974
7.1523237
7.008074
6.854836
6.6668835
6.477312
6.711005
6.5650506
6.379996
6.2261486
6.128886
6.0575113
5.9450393
5.971248
6.0314746
6.0985713
6.182657
6.1417155
5.946588
5.964827
5.8070426
5.930412
5.9381166
5.796141
5.701737
5.6954985
5.6484475
5.404939
4.9198637
5.147947
5.23702
6.2067013
6.9519024
6.9922
6.985785
7.0834303
6.6847258
6.958625
6.8913417
6.874045
6.753248
6.293677
6.0549946
6.0241923
5.933099
5.70737
5.5874147
5.4712095
5.5217476
5.6673584
5.7812557
5.5624676
5.558361
5.636042
5.951215
5.896441
5.9605455
6.1182075
5.8962035
5.6807637
5.1326895
5.0969653
5.0380554
4.987086
5.200891
5.5203576
5.4386983
5.1239
5.307909
5.2855296
5.318699
4.812263
4.3939304
3.880414
4.658771
4.638499
4.519949
4.489131
4.380562
4.654263
4.3887057
4.4953995
4.370877
4.4443035
4.482509
4.5823407
4.3243284
4.321883
4.2591934
4.508731
4.3346086
4.3600645
4.3788905
4.460533
4.6032486
4.4282384
4.5649824
4.4519515
4.6171103
4.5213423
4.5545826
4.512614
4.451966
4.526007
4.604275
4.531576
4.7096343
4.5525603
4.513764
4.627704
4.535567
4.606313
4.633578
4.6869636
4.5954494
4.6853065
4.7259293
4.7274036
4.077565
3.8924525
3.8714628
3.3594534
3.8373423
3.7976847
3.8107765
3.8432822
3.8281045
3.7516618
3.7418323
3.4481053
3.6383414
3.873596
3.6664705
3.452774
3.37824
3.582821
3.534569
3.8246188
3.5297916
3.8829858
3.8004675
3.5332742
3.7170508
3.718912
3.4917777
3.869867
3.6909776
3.6793296
3.8180048
3.71716
3.56858
3.8144512
3.9847698
3.922094
3.8535028
3.5263991
4.0887084
4.0814614
4.048022
4.270366
4.232408
4.406921
4.4289784
4.442348
4.5862136
4.6932178
4.567106
4.5257177
4.7397633
4.507868
4.604949
4.577947
4.514654
4.3369756
4.3939996
4.6139517
4.523792
4.5109644
4.5055103
4.6370106
4.4732904
4.723047
4.3364835
4.654698
4.564936
4.5136952
4.3985205
4.0977964
3.680192
3.4144628
3.4025118
3.3262641
3.3352814
3.4554052
3.5227406
3.347262
3.5097563
3.4432294
3.5378604
3.7717733
3.4461849
4.1670218
4.253259
4.3678474
4.3206596
4.2879505
4.1516895
4.217177
4.2519774
4.36808
4.2537503
4.000772
4.1156287
4.3069906
4.4347296
4.0858326
3.9540029
3.7230892
3.6979556
3.760732
3.7276814
3.8074899
3.5270207
3.7149444
3.7404702
3.8556015
3.7242053
3.2800212
3.661436
3.6671245
3.3748958
3.9967756
3.7311313
4.711178
4.766819
4.427198
4.396813
4.2202706
4.5199947
4.7525077
4.8919325
4.909494
4.8518486
4.8796616
4.3341284
4.5703516
4.718941
4.803846
4.946937
5.175652
5.228019
5.3176856
5.5023584
5.521351
5.677543
5.693688
5.7261324
5.5884957
5.462884
5.381698
5.1708217
5.15794
5.2757964
5.134162
5.320799
5.2253413
5.1965914
5.180439
5.3697534
5.032915
4.7887244
4.9731574
4.9141593
4.7121634
4.626897
4.4411407
4.600271
4.5950527
4.7376633
4.6978974
4.4401345
4.351532
4.2928176
4.314497
4.36001
4.2965055
4.2116375
4.1394114
4.156562
4.14294
4.126587
4.1540723
4.1540155
4.1730585
4.5852737
4.713518
4.900472
4.6500196
5.051455
5.0290623
4.945558
4.7650695
4.752828
4.7262936
4.787465
4.9702287
4.893481
4.948918
4.9323997
4.8979855
4.8535686
4.7553587
4.6245537
4.398177
4.4401426
4.510142
5.0078764
5.3926992
5.545156
5.552364
5.516283
5.7082386
5.654464
5.679457
5.665688
5.6367316
5.711005
5.7847114
5.7649508
5.700093
5.5578265
5.7514644
5.7001786
5.7682405
5.4940834
5.763412
5.5360484
5.7180896
5.569624
5.606975
5.5335045
5.4770856
5.6410594
5.7473335
5.6346307
5.632241
5.570803
5.60237
5.6482797
5.6863904
5.7252836
5.888054
5.684741
5.6278176
5.708701
5.665621
5.7488
5.761848
5.820143
5.728539
5.8014064
5.7827535
5.783729
5.842565
5.7128696
5.701422
5.5563035
5.4495406
5.0810924
4.951821
4.745386
4.735673
4.7606025
5.074399
5.092166
5.3047323
5.139064
5.5425396
5.2337704
5.5349226
5.6868997
5.3093863
5.238047
4.9243016
4.5465174
4.439816
4.4785213
4.12152
4.100899
4.0052757
4.039648
4.336719
4.515304
4.3314753
4.4566636
4.3451004
4.3686705
4.2413383
4.0997186
4.015304
3.7445118
3.2951043
3.6315107
3.5528927
3.3043284
3.6127975
3.417758
3.5477211
3.4535432
4.1669354
4.5192327
4.3373413
4.661873
4.409909
4.402236
4.7869816
4.7341595
4.9070044
4.758615
4.6979933
5.0091295
4.663271
4.6575127
4.1940184
4.1849957
4.0613823
3.904633
3.3628583
3.8001838
3.7622564
3.4114106
3.4871187
3.4846678
3.3617043
3.914229
3.2904165
4.195982
4.3712416
4.379101
4.393591
4.3497133
4.1440945
4.1694164
3.9719849
4.142028
3.8334765
3.7430792
4.081274
3.9606636
3.6211753
3.6659336
3.18956
4.42714
4.1586814
4.5060544
5.1260185
5.3651657
5.423039
5.336112
5.331241
5.339505
5.369636
5.2939487
5.116089
4.983016
5.195464
5.3519344
5.5898848
5.499242
5.2429934
5.4030256
5.3870544
5.3991165
5.452917
5.303465
5.242419
5.1818476
5.2564926
5.2980647
5.418652
5.3924456
4.946722
4.9625854
5.114219
5.323598
5.1810308
5.320268
5.2452307
5.2887144
5.2705364
5.1646676
4.9190135
5.0141563
5.178748
4.9818063
5.020503
5.072786
5.1239204
5.1880465
5.1642866
5.1494665
5.117984
5.1020875
4.8768973
4.9903116
4.997979
5.164456
4.8110538
4.5297613
4.440816
4.5715175
4.674686
4.7003493
4.628775
4.605643
4.6271753
4.62027
4.543758
4.565752
4.541377
4.4519463
4.4192743
4.4146876
4.3001685
4.4204473
4.626316
4.7640285
4.809985
4.7220545
4.731832
4.8665323
4.6754737
4.698087
4.630912
4.573838
4.64966
4.6805177
4.708319
4.831642
4.97656
5.3146276
5.200623
5.25379
5.264209
5.389323
5.335934
5.2194357
5.043974
4.9144354
4.9224954
4.8827662
5.0809264
5.0653524
5.0645075
5.2206426
5.1418276
5.183465
5.2592263
5.258871
5.2732973
5.160513
5.1058354
5.109081
5.1867676
5.1520395
5.0251994
5.140602
5.24872
5.22237
5.101193
5.0884085
5.303031
5.4117155
5.406183
5.5420885
5.2731476
5.0844364
5.0792546
5.3388557
5.476039
5.3328094
5.20722
4.731513
4.9101515
4.6661496
5.099069
5.0362873
5.1044316
4.8784957
4.964726
4.907903
4.894884
4.9951863
5.131078
5.3715515
5.4477015
5.4956303
5.6754637
5.610347
5.5904126
5.444877
5.153352
4.9762373
4.611744
4.4579206
4.3700404
4.439063
4.49318
4.7319818
4.9462333
5.19285
5.1264167
5.071372
4.9393835
5.021308
5.0765233
5.0838876
4.86067
4.8073645
5.006868
4.937324
4.8946595
4.8990192
4.898251
4.964776
5.035865
4.701495
4.681049
4.4820027
4.7116485
5.6776867
5.691093
5.9786634
6.1689744
6.2149553
6.0440106
6.0909367
5.7138968
5.769412
5.757329
5.868067
6.028527
6.2289305
6.307508
6.3811717
6.1211114
6.36832
6.502516
6.5820603
6.5902734
6.5154305
6.3587704
6.2616634
6.2255087
6.2875237
6.1308355
6.1563864
5.9870434
6.1539955
6.0258956
5.933465
5.947791
6.105793
5.9736414
6.237967
6.0710087
6.187054
6.267363
6.300296
6.372499
6.2307715
6.4478273
6.549983
6.3249836
6.6230087
6.2296515
6.220012
6.4217367
6.638372
6.5247307
6.3406143
6.451392
6.559543
6.680496
6.44536
6.53466
6.6557307
6.960407
7.003025
6.872784
6.921387
6.953074
6.741641
6.8527184
6.685938
6.588012
6.513587
6.452215
6.4910727
6.560849
6.4838467
6.255721
6.152454
6.0802054
6.29069
6.4537754
6.1065865
6.2068
6.6135216
6.476804
6.3843985
6.169362
6.0186396
5.747671
5.596334
5.198608
5.5454493
5.479938
5.402398
5.2213035
5.201848
5.2408056
5.0765686
5.211034
5.1788945
5.248463
5.1702623
5.378508
5.287063
5.2475915
5.136746
5.288574
5.612195
5.599594
6.019189
5.939268
6.164408
6.2663145
6.0101786
5.964528
6.128148
5.7000856
5.8713884
5.3593884
5.3028154
5.3045497
4.954307
5.2137547
5.0629263
4.799323
4.4912176
4.4465904
4.4625564
4.8270593
4.7763352
4.7205243
4.588653
4.3463683
4.5196924
4.5386105
4.5801353
5.069728
4.8402634
4.2623477
4.221106
3.2738652
2.264087
2.4856012
2.542981
2.2384663
2.2701924
2.1408179
2.109778
2.0961704
2.2456124
2.2743685
2.296475
2.5086935
2.3190465
2.2596169
2.3271708
2.1811333
2.3974428
2.4881523
2.5906384
2.2555707
2.6159954
2.623136
2.6518886
1.8865393
2.8477077
2.6585908
2.4095404
2.805916
2.8888168
2.736289
2.8308773
2.3349154
2.7395096
2.4683936
2.5556955
2.3772647
2.3934593
2.301896
2.4102592
2.3073075
2.4839444
2.4688592
2.6141076
2.473934
2.5020406
2.4157994
2.3182616
2.2984412
2.4427776
2.5822742
2.6124876
2.5478296
2.7393587
3.0526958
3.4651635
3.6402364
3.7708416
3.6985269
3.8384345
3.6457863
3.6250856
3.7528598
3.6940656
3.5953171
3.7891405
3.7669048
3.6633043
3.5197015
3.8088334
3.6822066
3.7499068
3.583126
3.5479662
3.595038
3.4737163
3.5812848
3.3113382
3.3721886
3.4728284
3.4719532
3.4118724
3.409878
3.4684014
3.2711596
3.3778107
3.2638636
3.5301633
3.5318475
3.5447884
3.5949662
3.5991287
3.520178
3.6199536
3.5714378
3.6840177
3.7161093
3.5937102
3.697172
3.749175
3.7843988
3.6740804
3.7249002
3.609963
3.6364412
3.6871066
3.670979
3.6694815
3.6670156
3.6887164
3.6996508
3.691217
3.759557
3.8182693
3.6821008
3.7365878
3.8731565
3.9023108
3.8742428
3.781077
3.8779263
3.7706861
3.7578943
3.6719139
3.6517954
3.7658167
3.6347249
3.8663356
3.6504579
3.8704603
3.806269
3.8449357
4.0013204
3.9967644
3.9121745
4.033824
3.934736
3.922154
3.7106853
3.826879
3.779879
3.805285
3.9455469
3.8912795
3.9424083
3.939034
3.9038894
3.9516463
3.9703999
4.0799074
4.056362
3.9218585
3.814738
3.9681864
4.0843396
4.1099396
4.1006646
4.1370306
4.204978
4.1650295
4.1806326
4.1454525
3.9182138
3.9627352
3.8797984
3.8667903
3.895706
3.8615065
3.9407182
3.813219
4.0635695
4.08815
3.9097693
3.6849115
3.8715122
3.6656497
3.691917
3.9047198
3.7847784
3.7970722
3.6728952
3.7549539
3.7165337
3.7197733
3.7211263
3.941469
3.8022256
3.7997558
3.6477282
3.6211553
3.7015572
3.6066675
3.757356
3.891005
3.8248367
3.752096
3.61555
3.8158455
3.8030176
3.8938377
3.779292
3.9893174
3.8729236
3.9784393
4.0286474
4.236368
4.01756
4.1022477
4.060785
4.1995683
4.2457128
4.2896595
4.333044
4.224705
4.1732697
4.2857738
4.5359945
4.2858624
4.1233354
4.2759247
4.1891522
4.1824894
4.153087
4.132264
4.2733674
4.399681
4.194795
4.061266
4.6240005
4.6146603
4.7318954
4.91499
5.016188
5.3269906
5.4655013
5.6814604
5.53578
5.710639
5.7231803
5.8633876
6.06226
6.312982
6.4507775
6.4590263
6.4303083
6.4400415
6.4127817
6.189034
6.1364717
6.0121274
5.961067
5.8874516
6.1461205
6.112978
6.0944715
6.224596
6.54905
6.5699806
6.593855
6.7511587
6.6225414
6.5904365
6.640492
6.743104
6.7310476
6.617141
6.980666
7.161211
7.2358766
7.2527685
7.2362685
6.802375
6.6864405
6.6437187
6.525481
6.418501
6.2951064
5.8559437
5.859368
5.9886327
6.0755434
6.25624
5.9345613
6.1464286
5.6718698
5.645523
5.734694
5.2235613
5.0809546
4.6168485
4.4817414
4.4513416
4.5475364
4.6334558
4.545649
