0.00495994
0.00335093
0.00327251
0.00246086
0.00324105
0.00215382
0.00233648
0.00244664
0.00247465
0.00359899
0.00221633
0.00220714
0.00206460
0.00208350
0.00215283
0.00000000
0.00000000
0.00000000
0.00000000
4.74524415
0.00743492
0.00577257
0.00528700
0.00467485
0.00377983
0.00440077
0.00549554
0.00680414
0.00460432
0.00489929
0.00356204
0.00541225
0.00362248
0.00515567
0.00373929
0.00514433
0.00381241
0.00415141
0.00429139
0.00409128
0.00398090
0.00443410
0.00371543
0.00358253
0.00432092
0.00484284
0.00470855
0.00398833
0.00418983
0.00359036
0.00355334
0.00342678
0.00346955
0.00345608
0.00350419
0.00338797
0.00369043
0.00363344
0.00413508
0.00563059
0.00426115
0.00412689
0.00383006
0.00354100
0.00364500
0.00347338
0.00350778
0.00355125
0.00449979
0.00409302
0.00373642
0.00419757
0.00352581
0.00367534
0.00340186
0.00368569
0.00328249
0.00327933
0.00347959
0.00484039
0.00368503
0.00350220
0.00333425
0.00347064
0.00368612
0.00355494
0.00325744
0.00338461
0.00352685
0.00374279
0.00450180
0.00353764
0.00341071
0.00334201
0.00368378
0.00366314
0.00353551
0.00347505
0.00330727
0.00378912
0.00393661
0.00381055
0.00533912
0.00455591
0.00383710
0.00357335
0.00353734
0.00361369
0.00361830
0.00360495
0.00345858
0.00402951
0.00346309
0.00358399
0.00340097
0.00339834
0.00341419
0.00333377
0.00333946
0.00330423
0.00349207
0.00351385
0.00374017
0.00375816
0.00337074
0.00337059
0.00334529
0.00338256
0.00341675
0.00346403
0.00335000
0.00337478
0.00334241
0.00407657
0.00350496
0.00381401
0.00340850
0.00346825
0.00344742
0.00415101
0.00344742
0.00340479
0.00344855
0.00337754
0.00402189
0.00354330
0.00329841
0.00342997
0.00336485
0.00342122
0.00336475
0.00341237
0.00341594
0.00349233
0.00357921
0.00461818
0.00433057
0.00357925
0.00340138
0.00357897
0.00348600
0.00344545
0.00359563
0.00334604
0.00333954
0.00339954
0.00417173
0.00344105
0.00336190
0.00350430
0.00337582
0.00339220
0.00330440
0.00329618
0.00346217
0.00349106
0.00325783
0.00424325
0.00361014
0.00344538
0.00340665
0.00338955
0.00336603
0.00331763
0.00332823
0.00345737
0.00340850
0.00367365
0.00412640
0.00468336
0.00361419
0.00359928
0.00343162
0.00354750
0.00328658
0.00340179
0.00333004
0.00334914
0.00334377
0.00371038
0.00442271
0.00000000
0.00000000
0.00000000
0.00000000
2.28920481
0.00320721
0.00483826
0.00245520
0.00286059
0.00190000
0.00179385
0.00238375
0.00207112
0.00181095
0.00000000
0.00000000
0.00000000
0.00000000
1.21504317
0.00179890
0.00151430
0.00158893
0.00194730
0.00107373
0.00165712
0.00133883
0.00092330
0.00083249
0.00087225
0.00099522
0.00085970
0.00077908
0.00130163
0.00089685
0.00084785
0.00081731
0.00100011
0.00094514
0.00088057
0.00100567
0.00120216
0.00084647
0.00082526
0.00083126
0.00089686
0.00077086
0.00100021
0.00097809
0.00112929
0.00078585
0.00079149
0.00091685
0.00079202
0.00073849
0.00090471
0.00141382
0.00098689
0.00103785
0.00097280
0.00077179
0.00079806
0.00075931
0.00139115
0.00095071
0.00082657
0.00129235
0.00147827
0.00120555
0.00137001
0.00108962
0.00088086
0.00083950
0.00100728
0.00109722
0.00090673
0.00073536
0.00088396
0.00079677
0.00086103
0.00074427
0.00075132
0.00071925
0.00074828
0.00071880
0.00088814
0.00082907
0.00079590
0.00000000
0.00000000
0.00000000
0.00000000
