0.74676270
0.00123214
0.00159366
0.00131607
0.00114648
0.00137649
0.00131794
0.00115628
0.00100590
0.00148473
0.00092979
0.00098011
0.00124420
0.00087527
0.00046075
0.00049363
0.00040517
0.00058734
0.00078612
0.00102360
0.00055059
0.00051562
0.00058195
0.00149996
0.00092010
0.00086168
0.00097681
0.00133167
0.00096652
0.00100189
0.00173433
0.00142425
0.00080809
0.00000000
0.00000000
0.00000000
0.00000000
0.78900135
0.00079762
0.00055211
0.00071890
0.00076835
0.00042425
0.00042840
0.00045489
0.00064290
0.00102015
0.00000000
0.00000000
0.00000000
0.00000000
1.32587310
0.00070867
0.00048839
0.00052076
0.00062916
0.00047473
0.00081466
0.00038431
0.00046990
0.00027591
0.00031473
0.00023186
0.00024895
0.00021598
0.00024082
0.00023804
0.00024389
0.00016284
0.00017359
0.00024756
0.00042905
0.00019880
0.00044772
0.00029886
0.00019406
0.00018578
0.00020054
0.00016633
0.00024477
0.00018385
0.00017606
0.00025159
0.00037429
0.00022898
0.00019073
0.00018621
0.00017187
0.00016106
0.00016644
0.00021543
0.00016807
0.00024316
0.00018605
0.00018394
0.00016663
0.00032820
0.00022675
0.00020768
0.00022171
0.00018355
0.00020220
0.00018295
0.00017246
0.00023679
0.00016785
0.00015994
0.00020568
0.00024020
0.00000000
0.00000000
0.00000000
0.00000000
0.50965245
0.00083167
0.00160667
0.00125012
0.00071595
0.00068595
0.00075360
0.00086404
0.00069912
0.00087241
0.00083323
0.00059010
0.00039635
0.00049808
0.00047684
0.00071370
0.00051907
0.00038983
0.00034430
0.00034146
0.00034000
0.00040075
0.00040532
0.00050216
0.00043452
0.00036207
0.00034283
0.00000000
0.00000000
0.00000000
0.00000000
0.95422810
0.00086684
0.00106234
0.00077498
0.00115081
0.00091610
0.00067454
0.00104408
0.00072761
0.00134008
0.00072382
0.00060572
0.00041844
0.00040792
0.00042910
0.00041266
0.00039961
0.00048992
0.00071236
0.00070584
0.00061590
0.00116638
0.00076277
0.00073314
0.00057531
0.00050109
0.00043759
0.00040657
0.00057015
0.00090354
0.00075618
0.00062895
0.00046647
0.00042182
0.00041037
0.00042976
0.00057666
0.00086648
0.00064642
0.00056321
0.00045848
0.00046266
0.00040433
0.00072886
0.00000000
0.00000000
0.00000000
0.00000000
0.53968657
0.00133399
0.00179878
0.00113603
0.00098707
0.00148473
0.00133807
0.00134070
0.00092309
0.00079494
0.00068158
0.00063598
0.00051034
0.00086753
0.00057802
0.00070391
0.00062288
0.00054124
0.00066462
0.00000000
0.00000000
0.00000000
0.00000000
0.67357585
0.00175685
0.00140192
0.00142378
0.00150467
0.00139653
0.00128408
0.00125281
0.00095253
0.00065253
0.00061455
0.00051488
0.00069115
0.00063924
0.00086407
0.00074236
0.00059023
0.00052926
0.00057156
0.00051075
0.00052967
0.00050520
0.00076160
0.00054856
0.00050448
0.00053378
0.00052936
0.00058567
0.00000000
0.00000000
0.00000000
0.00000000
0.52232189
0.00097305
0.00085551
0.00092677
0.00057351
0.00080135
0.00047574
0.00033627
0.00070130
0.00051806
0.00092012
0.00050526
0.00040073
0.00029949
0.00025371
0.00026373
0.00049052
0.00033722
0.00049300
0.00037579
0.00031857
0.00040223
0.00039100
0.00028121
0.00036640
0.00027915
0.00034092
0.00038362
0.00027053
0.00025912
0.00027599
0.00023945
0.00024376
0.00024560
0.00024997
0.00026679
0.00038601
0.00031203
0.00031241
0.00025107
0.00024448
0.00024240
0.00031778
0.00028280
0.00039304
0.00000000
0.00000000
0.00000000
0.00000000
0.79008561
0.00123437
0.00137184
0.00106780
0.00127883
0.00115510
0.00093016
0.00090137
0.00072189
0.00065875
0.00096218
0.00053559
0.00041341
0.00041124
0.00040189
0.00037122
0.00000000
0.00000000
0.00000000
0.00000000
0.68697741
0.00087010
0.00091807
0.00055569
0.00046698
0.00083705
0.00045359
0.00061610
0.00062332
0.00072088
0.00037830
0.00029279
0.00024165
0.00023525
0.00043681
0.00022915
0.00047657
0.00039580
0.00027125
0.00025604
0.00020378
0.00021544
0.00024793
0.00030491
0.00022358
0.00049108
0.00028604
0.00026773
0.00020865
0.00020514
0.00020121
0.00030352
0.00020512
0.00026954
0.00022922
0.00023719
0.00024269
0.00020084
0.00020308
0.00000000
0.00000000
0.00000000
0.00000000
0.58893877
0.00058436
0.00117466
0.00101133
0.00115882
0.00105599
0.00086412
0.00075453
0.00072379
0.00079558
0.00112947
0.00103930
0.00050107
0.00042013
0.00037101
0.00036443
0.00038347
0.00040043
0.00063093
0.00092852
0.00092020
0.00066522
0.00053208
0.00098651
0.00061147
0.00049137
0.00043160
0.00036855
0.00040674
0.00051032
0.00128818
0.00068543
0.00049260
0.00038407
0.00039338
0.00044449
0.00046302
0.00062304
0.00093588
0.00065879
0.00060589
0.00040887
0.00037259
0.00039474
0.00080845
0.00096255
0.00077315
0.00050368
0.00048432
0.00044737
0.00039634
0.00054840
0.00087585
0.00078931
0.00051355
0.00000000
0.00000000
0.00000000
0.00000000
0.46125923
0.00061759
0.00103011
0.00082615
0.00073681
0.00057402
0.00043288
0.00036258
0.00052614
0.00053153
0.00052887
0.00069408
0.00036274
0.00028505
0.00000000
0.00000000
0.00000000
0.00000000
