1
126.00,20.00,47.00,37.00
128.00,19.00,47.00,37.00
131.00,18.00,47.00,37.00
133.00,17.00,47.00,37.00
136.00,15.00,47.00,37.00
138.00,14.00,47.00,37.00
139.00,13.00,47.00,37.00
141.00,11.00,47.00,37.00
141.00,11.00,47.00,37.00
142.00,10.00,47.00,37.00
141.00,10.00,47.00,37.00
141.00,10.00,47.00,37.00
141.00,10.00,47.00,37.00
142.00,10.00,47.00,37.00
143.00,10.00,47.00,37.00
143.00,9.00,47.00,37.00
143.00,9.00,47.00,37.00
143.00,9.00,47.00,37.00
143.00,9.00,47.00,37.00
144.00,9.00,47.00,37.00
144.00,9.00,47.00,37.00
145.00,9.00,47.00,37.00
146.00,9.00,47.00,37.00
148.00,9.00,47.00,37.00
149.00,9.00,47.00,37.00
150.00,9.00,47.00,37.00
151.00,9.00,47.00,37.00
152.00,9.00,47.00,37.00
153.00,9.00,47.00,37.00
153.00,9.00,47.00,37.00
153.00,9.00,47.00,37.00
2
0
0
0
0
1
127.00,54.00,17.00,31.00
128.00,54.00,17.00,31.00
128.00,54.00,17.00,31.00
128.00,54.00,17.00,31.00
128.00,54.00,17.00,31.00
128.00,54.00,17.00,31.00
129.00,53.00,17.00,31.00
129.00,53.00,17.00,31.00
2
0
0
0
0
1
106.00,68.00,15.00,29.00
106.00,68.00,15.00,29.00
106.00,68.00,15.00,29.00
106.00,68.00,15.00,29.00
106.00,69.00,15.00,29.00
106.00,70.00,15.00,29.00
106.00,70.00,15.00,29.00
106.00,70.00,15.00,29.00
106.00,70.00,15.00,29.00
107.00,70.00,15.00,29.00
107.00,70.00,15.00,29.00
107.00,70.00,15.00,29.00
107.00,70.00,15.00,29.00
107.00,70.00,15.00,29.00
107.00,70.00,15.00,29.00
107.00,70.00,15.00,29.00
107.00,70.00,15.00,29.00
107.00,70.00,15.00,29.00
107.00,70.00,15.00,29.00
107.00,70.00,15.00,29.00
107.00,70.00,15.00,29.00
107.00,70.00,15.00,29.00
108.00,69.00,15.00,29.00
108.00,69.00,15.00,29.00
108.00,69.00,15.00,29.00
108.00,69.00,15.00,29.00
108.00,69.00,15.00,29.00
108.00,69.00,15.00,29.00
108.00,69.00,15.00,29.00
108.00,69.00,15.00,29.00
108.00,69.00,15.00,29.00
108.00,69.00,15.00,29.00
108.00,69.00,15.00,29.00
108.00,69.00,15.00,29.00
108.00,69.00,15.00,29.00
108.00,69.00,15.00,29.00
108.00,69.00,15.00,29.00
108.00,69.00,15.00,29.00
108.00,69.00,15.00,29.00
108.00,69.00,15.00,29.00
108.00,68.00,15.00,29.00
108.00,68.00,15.00,29.00
108.00,68.00,15.00,29.00
108.00,68.00,15.00,29.00
108.00,68.00,15.00,29.00
108.00,68.00,15.00,29.00
108.00,68.00,15.00,29.00
108.00,68.00,15.00,29.00
108.00,68.00,15.00,29.00
108.00,68.00,15.00,29.00
108.00,68.00,15.00,29.00
108.00,68.00,15.00,29.00
108.00,68.00,15.00,29.00
108.00,68.00,15.00,29.00
108.00,68.00,15.00,29.00
108.00,68.00,15.00,29.00
2
0
0
0
0
1
136.00,77.00,65.00,37.00
136.00,77.00,65.00,37.00
137.00,76.00,65.00,37.00
137.00,76.00,65.00,37.00
137.00,76.00,65.00,37.00
137.00,76.00,65.00,37.00
137.00,76.00,65.00,37.00
137.00,76.00,65.00,37.00
137.00,76.00,65.00,37.00
138.00,76.00,65.00,37.00
137.00,76.00,65.00,37.00
138.00,76.00,65.00,37.00
138.00,76.00,65.00,37.00
138.00,76.00,65.00,37.00
138.00,76.00,65.00,37.00
138.00,76.00,65.00,37.00
139.00,76.00,65.00,37.00
140.00,76.00,65.00,37.00
139.00,76.00,65.00,37.00
140.00,76.00,65.00,37.00
140.00,76.00,65.00,37.00
140.00,76.00,65.00,37.00
140.00,76.00,65.00,37.00
140.00,76.00,65.00,37.00
140.00,76.00,65.00,37.00
2
0
0
0
0
1
223.00,80.00,73.00,33.00
230.00,79.00,73.00,33.00
231.00,79.00,73.00,33.00
232.00,79.00,73.00,33.00
237.00,76.00,73.00,33.00
238.00,76.00,73.00,33.00
239.00,77.00,73.00,33.00
239.00,77.00,73.00,33.00
245.00,76.00,73.00,33.00
245.00,75.00,73.00,33.00
249.00,74.00,73.00,33.00
253.00,73.00,73.00,33.00
253.00,73.00,73.00,33.00
254.00,73.00,73.00,33.00
254.00,73.00,73.00,33.00
255.00,74.00,73.00,33.00
255.00,74.00,73.00,33.00
255.00,74.00,73.00,33.00
255.00,74.00,73.00,33.00
255.00,74.00,73.00,33.00
255.00,74.00,73.00,33.00
255.00,74.00,73.00,33.00
255.00,74.00,73.00,33.00
255.00,74.00,73.00,33.00
254.00,74.00,73.00,33.00
255.00,74.00,73.00,33.00
254.00,74.00,73.00,33.00
255.00,74.00,73.00,33.00
254.00,74.00,73.00,33.00
255.00,74.00,73.00,33.00
255.00,74.00,73.00,33.00
255.00,74.00,73.00,33.00
255.00,74.00,73.00,33.00
255.00,74.00,73.00,33.00
255.00,74.00,73.00,33.00
256.00,74.00,73.00,33.00
256.00,74.00,73.00,33.00
256.00,74.00,73.00,33.00
256.00,74.00,73.00,33.00
257.00,74.00,73.00,33.00
257.00,74.00,73.00,33.00
257.00,74.00,73.00,33.00
2
0
0
0
0
1
161.00,58.00,73.00,39.00
161.00,58.00,73.00,39.00
161.00,58.00,73.00,39.00
161.00,58.00,73.00,39.00
161.00,58.00,73.00,39.00
161.00,58.00,73.00,39.00
161.00,58.00,73.00,39.00
161.00,58.00,73.00,39.00
162.00,58.00,73.00,39.00
162.00,58.00,73.00,39.00
162.00,58.00,73.00,39.00
162.00,58.00,73.00,39.00
162.00,58.00,73.00,39.00
162.00,58.00,73.00,39.00
162.00,58.00,73.00,39.00
162.00,58.00,73.00,39.00
162.00,58.00,73.00,39.00
2
0
0
0
0
1
80.00,79.00,61.00,41.00
80.00,79.00,61.00,41.00
80.00,79.00,61.00,41.00
80.00,79.00,61.00,41.00
80.00,79.00,61.00,41.00
80.00,79.00,61.00,41.00
80.00,79.00,61.00,41.00
81.00,79.00,61.00,41.00
80.00,79.00,61.00,41.00
80.00,79.00,61.00,41.00
81.00,79.00,61.00,41.00
81.00,79.00,61.00,41.00
81.00,79.00,61.00,41.00
81.00,79.00,61.00,41.00
81.00,79.00,61.00,41.00
81.00,79.00,61.00,41.00
81.00,79.00,61.00,41.00
81.00,79.00,61.00,41.00
81.00,79.00,61.00,41.00
81.00,79.00,61.00,41.00
81.00,79.00,61.00,41.00
81.00,79.00,61.00,41.00
81.00,79.00,61.00,41.00
81.00,79.00,61.00,41.00
81.00,79.00,61.00,41.00
81.00,79.00,61.00,41.00
2
0
0
0
0
1
47.00,116.00,27.00,47.00
47.00,116.00,27.00,47.00
46.00,116.00,27.00,47.00
45.00,116.00,27.00,47.00
44.00,115.00,27.00,47.00
44.00,114.00,27.00,47.00
44.00,114.00,27.00,47.00
44.00,114.00,27.00,47.00
45.00,114.00,27.00,47.00
45.00,114.00,27.00,47.00
46.00,113.00,27.00,47.00
46.00,113.00,27.00,47.00
47.00,113.00,27.00,47.00
47.00,113.00,27.00,47.00
47.00,113.00,27.00,47.00
48.00,113.00,27.00,47.00
48.00,113.00,27.00,47.00
48.00,113.00,27.00,47.00
48.00,113.00,27.00,47.00
48.00,113.00,27.00,47.00
48.00,113.00,27.00,47.00
48.00,113.00,27.00,47.00
49.00,112.00,27.00,47.00
49.00,112.00,27.00,47.00
49.00,112.00,27.00,47.00
49.00,112.00,27.00,47.00
49.00,111.00,27.00,47.00
49.00,111.00,27.00,47.00
49.00,111.00,27.00,47.00
49.00,111.00,27.00,47.00
49.00,111.00,27.00,47.00
49.00,111.00,27.00,47.00
49.00,111.00,27.00,47.00
49.00,110.00,27.00,47.00
49.00,110.00,27.00,47.00
49.00,110.00,27.00,47.00
49.00,110.00,27.00,47.00
49.00,110.00,27.00,47.00
49.00,110.00,27.00,47.00
49.00,110.00,27.00,47.00
49.00,110.00,27.00,47.00
49.00,110.00,27.00,47.00
49.00,110.00,27.00,47.00
2
0
0
0
0
1
86.00,92.00,91.00,39.00
94.00,91.00,91.00,39.00
95.00,90.00,91.00,39.00
100.00,90.00,91.00,39.00
102.00,89.00,91.00,39.00
102.00,101.00,91.00,39.00
62.00,88.00,91.00,39.00
64.00,89.00,91.00,39.00
64.00,97.00,91.00,39.00
65.00,96.00,91.00,39.00
64.00,96.00,91.00,39.00
64.00,97.00,91.00,39.00
64.00,97.00,91.00,39.00
65.00,97.00,91.00,39.00
2
0
0
0
0
1
189.00,84.00,35.00,39.00
194.00,68.00,35.00,39.00
202.00,82.00,35.00,39.00
185.00,91.00,35.00,39.00
183.00,82.00,35.00,39.00
177.00,76.00,35.00,39.00
161.00,81.00,35.00,39.00
177.00,91.00,35.00,39.00
178.00,86.00,35.00,39.00
178.00,86.00,35.00,39.00
178.00,86.00,35.00,39.00
178.00,86.00,35.00,39.00
178.00,86.00,35.00,39.00
178.00,86.00,35.00,39.00
178.00,86.00,35.00,39.00
178.00,86.00,35.00,39.00
178.00,86.00,35.00,39.00
178.00,86.00,35.00,39.00
178.00,86.00,35.00,39.00
178.00,86.00,35.00,39.00
178.00,86.00,35.00,39.00
178.00,86.00,35.00,39.00
178.00,86.00,35.00,39.00
178.00,87.00,35.00,39.00
178.00,87.00,35.00,39.00
178.00,87.00,35.00,39.00
178.00,88.00,35.00,39.00
178.00,88.00,35.00,39.00
178.00,88.00,35.00,39.00
178.00,88.00,35.00,39.00
178.00,88.00,35.00,39.00
178.00,88.00,35.00,39.00
178.00,88.00,35.00,39.00
178.00,88.00,35.00,39.00
178.00,88.00,35.00,39.00
178.00,88.00,35.00,39.00
178.00,88.00,35.00,39.00
2
0
0
0
0
1
92.00,88.00,69.00,37.00
89.00,89.00,69.00,37.00
87.00,89.00,69.00,37.00
86.00,89.00,69.00,37.00
83.00,89.00,69.00,37.00
82.00,89.00,69.00,37.00
81.00,89.00,69.00,37.00
79.00,88.00,69.00,37.00
79.00,88.00,69.00,37.00
70.00,90.00,69.00,37.00
70.00,90.00,69.00,37.00
70.00,90.00,69.00,37.00
70.00,90.00,69.00,37.00
70.00,90.00,69.00,37.00
70.00,90.00,69.00,37.00
70.00,90.00,69.00,37.00
70.00,90.00,69.00,37.00
70.00,90.00,69.00,37.00
70.00,90.00,69.00,37.00
70.00,90.00,69.00,37.00
70.00,90.00,69.00,37.00
70.00,90.00,69.00,37.00
70.00,90.00,69.00,37.00
70.00,89.00,69.00,37.00
70.00,88.00,69.00,37.00
70.00,87.00,69.00,37.00
70.00,87.00,69.00,37.00
69.00,86.00,69.00,37.00
69.00,85.00,69.00,37.00
68.00,84.00,69.00,37.00
68.00,84.00,69.00,37.00
67.00,83.00,69.00,37.00
65.00,83.00,69.00,37.00
65.00,83.00,69.00,37.00
64.00,83.00,69.00,37.00
61.00,83.00,69.00,37.00
57.00,82.00,69.00,37.00
56.00,81.00,69.00,37.00
55.00,81.00,69.00,37.00
54.00,80.00,69.00,37.00
53.00,81.00,69.00,37.00
52.00,80.00,69.00,37.00
51.00,79.00,69.00,37.00
50.00,79.00,69.00,37.00
49.00,78.00,69.00,37.00
50.00,78.00,69.00,37.00
49.00,78.00,69.00,37.00
49.00,78.00,69.00,37.00
49.00,78.00,69.00,37.00
49.00,78.00,69.00,37.00
49.00,78.00,69.00,37.00
49.00,78.00,69.00,37.00
49.00,78.00,69.00,37.00
2
0
0
0
0
1
148.00,44.00,65.00,35.00
158.00,41.00,65.00,35.00
158.00,41.00,65.00,35.00
157.00,42.00,65.00,35.00
157.00,43.00,65.00,35.00
157.00,42.00,65.00,35.00
154.00,45.00,65.00,35.00
154.00,46.00,65.00,35.00
154.00,47.00,65.00,35.00
154.00,47.00,65.00,35.00
154.00,48.00,65.00,35.00
154.00,49.00,65.00,35.00
2
0
0
0
0
