0.01274528
0.01011708
0.00990711
0.00998360
0.01100627
0.01001339
0.01002161
0.00956810
0.01159835
0.01047854
0.01039450
0.01009175
0.00986083
0.00978405
0.00967534
0.00988240
0.01019184
0.01090329
0.01096159
0.01050640
0.01017145
0.01021662
0.00966754
0.00982014
0.01056434
0.01010211
0.01012124
0.00997261
0.01035854
0.01071853
0.01095193
0.01080742
0.01037281
0.01032952
0.01038731
0.01043860
0.01061203
0.01165020
0.01110740
0.01365946
0.01791200
0.01324431
0.02168590
0.01979356
0.01306715
0.01569704
0.01660871
0.01110874
0.01783142
0.01163105
0.02099250
0.01828148
0.01567768
0.01391636
0.01218816
0.01128422
0.01662983
0.01298640
0.01734228
0.01342086
0.01320504
0.01169559
0.01314052
0.01474621
0.01231138
0.01604425
0.01084667
0.01108202
0.01188807
0.01537258
0.01269617
0.01487111
0.01082511
0.01344018
0.01385354
0.01160478
0.01100932
0.01008725
0.01011437
0.01012289
0.00955758
0.00955952
0.01098005
0.00982889
0.01015933
0.01004011
0.00944098
0.00954497
0.00956369
0.01030830
0.01047561
0.01052832
0.01458766
0.01279900
0.01254419
0.01629719
0.01004760
0.00961769
0.01003952
0.00979591
0.01045208
0.01055577
0.01002687
0.00952954
0.00946834
0.00952239
0.00980479
0.00992682
0.01105911
0.01017690
0.00952082
0.00978979
0.00943071
0.00946508
0.00997892
0.01057298
0.00986415
0.00962741
0.00971754
0.00957930
0.01027119
0.00959959
0.01058200
0.00960105
0.00999337
0.00977953
0.00959601
0.00950161
0.00984339
0.01055547
0.01040688
0.00985220
0.00986506
0.00976608
0.00952971
0.01241975
0.01532094
0.01072608
0.01003721
0.00938990
0.00979587
0.01000315
0.01017484
0.00000000
0.00000000
0.00000000
0.00000000
0.02779240
0.02282596
0.02337540
0.02280278
0.02061070
0.02093231
0.02252468
0.02084436
0.02165240
0.02260445
0.02162566
0.02156669
0.02211304
0.02145172
0.02148397
0.02133941
0.02261713
0.02257711
0.02162895
0.02286234
0.02134618
0.02080060
0.02358849
0.02107107
0.02061457
0.02136902
0.02202426
0.02084225
0.02121353
0.02238906
0.02221405
0.02182195
0.02202392
0.02123300
0.02170746
0.02243303
0.02098216
0.02133091
0.02118118
0.02260165
0.02185473
0.00000000
0.00000000
0.00000000
0.00000000
0.01596485
0.01465364
0.01437756
0.01319275
0.01289265
0.01338368
0.01312553
0.01490921
0.01342919
0.01302407
0.01298010
0.01319576
0.01358513
0.01357830
0.01300226
0.01357402
0.01345792
0.01343817
0.01369545
0.01275308
0.01293586
0.01307023
0.01313172
0.01373972
0.01301754
0.01315099
0.01305467
0.01295357
0.01285541
0.01336384
0.01315052
0.01268976
0.01428202
0.01324370
0.01372658
0.01344652
0.01342662
0.01325522
0.01369209
0.01368332
0.01351205
0.01354241
0.01311793
0.01308118
0.01384309
0.01338148
0.01344254
0.01307847
0.01315310
0.01332105
0.01406654
0.01365320
0.01391462
0.01386649
0.01358361
0.01430913
0.01385707
0.01339747
0.01334952
0.01329689
0.01382050
0.01375194
0.01361474
0.01345539
0.01353464
0.01430357
0.01718434
0.01356237
0.01384282
0.01347954
0.01433606
0.01373338
0.01365809
0.01406337
0.01372788
0.01409019
0.01343100
0.01357974
0.01361823
0.01313837
0.01399001
0.01400268
0.01355591
0.01359658
0.01374909
0.01430077
0.01361576
0.01348833
0.01346158
0.01355374
0.01409146
0.01425894
0.01387901
0.01402496
0.01397888
0.01545528
0.00000000
0.00000000
0.00000000
0.00000000
0.02331950
0.01865386
0.01885167
0.01890885
0.01762837
0.01821394
0.01803885
0.01922182
0.01817983
0.01827275
0.01805505
0.01893202
0.01846677
0.02410905
0.01957280
0.01845447
0.01840026
0.01821657
0.01890317
0.01804521
0.01786404
0.01857556
0.01848719
0.01858428
0.01819738
0.01798243
0.01868729
0.02261021
0.01919362
0.01867701
0.01909060
0.01827775
0.01808837
0.01873444
0.01862243
0.01837962
0.01827652
0.01885004
0.01826056
0.01798496
0.01788130
0.01888225
0.01941513
0.01794468
0.01854912
0.01904530
0.01830523
0.01837446
0.01857784
0.01969114
0.01832665
0.01818053
0.01829293
0.01801908
0.01842869
0.01803902
0.01863541
0.01843372
0.01827099
0.01831612
0.01837148
0.01862775
0.01804884
0.01840646
0.01875157
0.01810244
0.01813987
0.01815375
0.01914497
0.01832851
0.01842390
0.01838192
0.02004012
0.01860797
0.01814185
0.01928621
0.01906301
0.01856685
0.01853031
0.01890403
0.01858916
0.01832016
0.01834860
0.01881799
0.01883526
0.01818317
0.01788085
0.01880603
0.01878772
0.01846110
0.01817377
0.01929679
0.01821563
0.01825108
0.01852729
0.01926506
0.01819186
0.01818506
0.01830122
0.01889602
0.01767068
0.01830691
0.01826173
0.01966315
0.01862036
0.01857852
0.01834640
0.01867227
0.01817898
0.01864797
0.01862702
0.01804626
0.01830876
0.01789984
0.01883174
0.01802691
0.01810675
0.01825691
0.01903268
0.01799307
0.01848113
0.01822290
0.01938923
0.01843747
0.01817988
0.01833835
0.01862538
0.01865191
0.01830946
0.01896790
0.01869064
0.01824659
0.01801665
0.01963521
0.01810727
0.01844326
0.01825127
0.01913214
0.01908682
0.01832975
0.01824835
0.01914893
0.01827474
0.01839771
0.01843298
0.01886866
0.01841075
0.01845728
0.01830687
0.01888839
0.01812634
0.01820423
0.01828482
0.00000000
0.00000000
0.00000000
0.00000000
0.01809938
0.01473346
0.01451170
0.01486720
0.01545155
0.01461000
0.01463797
0.01479285
0.01513539
0.01449630
0.01465218
0.01449847
0.01489163
0.01555567
0.01455899
0.01468915
0.01449109
0.01482662
0.01492401
0.01476775
0.01468934
0.01476021
0.01456638
0.01557818
0.01444840
0.01458102
0.01479684
0.01487310
0.01505237
0.01483464
0.01453913
0.01436239
0.01433049
0.01553003
0.01484688
0.01493292
0.01456108
0.01500715
0.01423817
0.01469264
0.01474038
0.01476854
0.01504257
0.01483764
0.01442973
0.01450074
0.01465368
0.01557944
0.01416459
0.01522464
0.01524692
0.01456807
0.01464314
0.01483577
0.01453624
0.01494542
0.01527853
0.01470037
0.01469062
0.01494944
0.01481767
0.01519123
0.01466412
0.01514090
0.01459474
0.01497064
0.00000000
0.00000000
0.00000000
0.00000000
0.01836844
0.01634474
0.01609708
0.01594041
0.01633168
0.01659786
0.01625533
0.01577066
0.01596116
0.01633750
0.01572706
0.01604435
0.01594048
0.01638695
0.01581749
0.01616782
0.01560758
0.01624104
0.01599625
0.01574571
0.01641099
0.01588722
0.01694163
0.01592001
0.01576858
0.01591565
0.01676432
0.01640064
0.01562991
0.01637689
0.01570087
0.01584584
0.01595649
0.01570986
0.01579479
0.01663478
0.01566369
0.01580635
0.01557875
0.01550818
0.01642151
0.01603905
0.01616368
0.01602022
0.01682609
0.01563466
0.01588774
0.01611137
0.01655077
0.01591309
0.01576731
0.01587808
0.01600381
0.01654169
0.01615658
0.01604851
0.01595250
0.01631751
0.01542913
0.01585646
0.01595899
0.01687208
0.01595575
0.01603749
0.01611349
0.01571736
0.01682988
0.01624670
0.00000000
0.00000000
0.00000000
0.00000000
0.00857891
0.00731341
0.00730096
0.00702317
0.00713646
0.00749206
0.00712775
0.00702901
0.00697942
0.00724295
0.00683767
