3.83356530
0.00296247
0.00206733
0.00189888
0.00217918
0.00159316
0.00141091
0.00149550
0.00157921
0.00190831
0.00139094
0.00134836
0.00147573
0.00098755
0.00090017
0.00088289
0.00089801
0.00085613
0.00113691
0.00108490
0.00145834
0.00250237
0.00120695
0.00104259
0.00155084
0.00234223
0.00250223
0.00127085
0.00115071
0.00120456
0.00167373
0.00155809
0.00144939
0.00149458
0.00106305
0.00094693
0.00083669
0.00141202
0.00187151
0.00114642
0.00105463
0.00090302
0.00079442
0.00100165
0.00126194
0.00179517
0.00111217
0.00114021
0.00093372
0.00101158
0.00079839
0.00129568
0.00160249
0.00111313
0.00110832
0.00100913
0.00099699
0.00095345
0.00130361
0.00111373
0.00094484
0.00092014
0.00088143
0.00083183
0.00090778
0.00085082
0.00092559
0.00084079
0.00105457
0.00097253
0.00099110
0.00094763
0.00090016
0.00094690
0.00108468
0.00112845
0.00127902
0.00107691
0.00098948
0.00089524
0.00085778
0.00081942
0.00118577
0.00174635
0.00160910
0.00098055
0.00096961
0.00082694
0.00099487
0.00108593
0.00194608
0.00156538
0.00153903
0.00130692
0.00132289
0.00137568
0.00119932
0.00092368
0.00093409
0.00096128
0.00087485
0.00086374
0.00092349
0.00093405
0.00079466
0.00121043
0.00092672
0.00093728
0.00085097
0.00087764
0.00085868
0.00086540
0.00087224
0.00079743
0.00085071
0.00085705
0.00086986
0.00096863
0.00089689
0.00081113
0.00082255
0.00085228
0.00088683
0.00088996
0.00092327
0.00100339
0.00114054
0.00152249
0.00101449
0.00099837
0.00108717
0.00097599
0.00098837
0.00089215
0.00095675
0.00092686
0.00120625
0.00136774
0.00183673
0.00127080
0.00141361
0.00124725
0.00148499
0.00099711
0.00088566
0.00093035
0.00088261
0.00086837
0.00089937
0.00090350
0.00088672
0.00086825
0.00084357
0.00089593
0.00083257
0.00079976
0.00100268
0.00078150
0.00098392
0.00116638
0.00096882
0.00084910
0.00086289
0.00091386
0.00113717
0.00105774
0.00157658
0.00119229
0.00108712
0.00088245
0.00088520
0.00081568
0.00110650
0.00121456
0.00089084
0.00108464
0.00087571
0.00077840
0.00084297
0.00090983
0.00094873
0.00093925
0.00085363
0.00078848
0.00083612
0.00080443
0.00086174
0.00083104
0.00083538
0.00086837
0.00083806
0.00089083
0.00086996
0.00087054
0.00088633
0.00085300
0.00088909
0.00084289
0.00111978
0.00111591
0.00091131
0.00080597
0.00000000
0.00000000
0.00000000
0.00000000
4.31382106
0.00592463
0.00395047
0.00431926
0.00447912
0.00386632
0.00367247
0.00303224
0.00286941
0.00267455
0.00283622
0.00439328
0.00332098
