0.49968481
0.00107166
0.00072734
0.00093193
0.00056292
0.00074256
0.00076070
0.00085941
0.00067477
0.00177837
0.00052421
0.00037876
0.00034985
0.00028927
0.00041868
0.00056356
0.00108483
0.00045158
0.00036920
0.00027897
0.00027617
0.00051709
0.00067538
0.00099044
0.00041096
0.00028164
0.00026527
0.00045027
0.00099038
0.00053915
0.00036153
0.00034459
0.00035815
0.00076361
0.00000000
0.00000000
0.00000000
0.00000000
0.89223307
0.00137762
0.00090842
0.00081775
0.00090307
0.00071859
0.00050830
0.00060071
0.00051827
0.00065365
0.00088817
0.00043188
0.00059816
0.00088370
0.00064258
0.00042591
0.00045430
0.00039827
0.00081002
0.00072430
0.00061606
0.00057800
0.00041899
0.00036539
0.00075888
0.00090087
0.00059843
0.00043787
0.00028759
0.00025685
0.00026002
0.00052168
0.00068268
0.00081016
0.00037332
0.00027440
0.00036622
0.00045517
0.00105025
0.00060762
0.00047501
0.00027127
0.00027198
0.00044017
0.00087939
0.00048456
0.00041211
0.00023218
0.00026140
0.00035614
0.00038230
0.00034422
0.00033661
0.00030009
0.00026347
0.00024932
0.00025426
0.00027557
0.00037818
0.00027065
0.00025916
0.00025278
0.00026445
0.00023380
0.00025608
0.00032415
0.00061466
0.00066798
0.00055048
0.00044396
0.00046525
0.00041389
0.00056936
0.00031575
0.00053131
0.00043399
0.00035162
0.00030569
0.00026638
0.00023721
0.00044465
0.00050720
0.00058193
0.00065919
0.00044843
0.00028652
0.00024571
0.00026332
0.00027069
0.00029642
0.00027320
0.00041978
0.00046608
0.00027538
0.00025487
0.00025155
0.00025140
0.00023374
0.00036299
0.00029913
0.00043744
0.00023974
0.00023902
0.00022784
0.00023424
0.00042362
0.00025776
0.00023885
0.00027493
0.00025212
0.00022711
0.00022538
0.00000000
0.00000000
0.00000000
0.00000000
0.62867969
0.00193799
0.00182247
0.00143030
0.00125503
0.00080816
0.00079974
0.00114477
0.00079309
0.00070922
0.00139488
0.00086720
0.00095426
0.00066599
0.00071382
0.00064781
0.00074962
0.00068897
0.00089246
0.00068433
0.00067720
0.00067022
0.00061688
0.00060346
0.00075465
0.00074520
0.00069576
0.00060509
0.00060710
0.00068387
0.00079823
0.00101416
0.00070819
0.00074378
0.00093800
0.00081711
0.00122197
0.00069708
0.00083428
0.00071102
0.00067147
0.00063079
0.00061467
0.00065177
0.00070014
0.00074191
0.00070084
0.00068220
0.00060992
0.00059618
0.00063478
0.00075651
0.00080588
0.00071019
0.00068260
0.00063596
0.00064591
0.00060096
0.00069091
0.00068113
0.00070465
0.00071865
0.00071987
0.00060780
0.00064680
0.00066918
0.00074818
0.00096079
0.00077904
0.00087892
0.00073227
0.00070237
0.00092698
0.00077735
0.00072472
0.00068278
0.00067938
0.00065165
0.00068871
0.00000000
0.00000000
0.00000000
0.00000000
0.52010175
0.01075802
0.00664851
0.00674746
0.00614112
0.00526608
0.00679540
0.00747182
0.00575699
0.00678900
0.00606118
0.00660100
0.00523136
0.00628435
0.00558684
