0.60770562
0.00373360
0.00221148
0.00183234
0.00387511
0.00180921
0.00232753
0.00215618
0.00267973
0.00214382
0.00168618
0.00160349
0.00217604
0.00221548
0.00298278
0.00186201
0.00163604
0.00141332
0.00225356
0.00206735
0.00240098
0.00164401
0.00151152
0.00142116
0.00213818
0.00234582
0.00161451
0.00141161
0.00139256
0.00236048
0.00287997
0.00179919
0.00149610
0.00149817
0.00308222
0.00270967
0.00190497
0.00150290
0.00159969
0.00252271
0.00314815
0.00180787
0.00181728
0.00138218
0.00258041
0.00216982
0.00182819
0.00144125
0.00140855
0.00138936
0.00173737
0.00157560
0.00178547
0.00171508
0.00149244
0.00172436
0.00189789
0.00164320
0.00163773
0.00165804
0.00156096
0.00140227
0.00158357
0.00148906
0.00181638
0.00141722
0.00149058
0.00143974
0.00145344
0.00191486
0.00180269
0.00259565
0.00273715
0.00191351
0.00167591
0.00141980
0.00166883
0.00161827
0.00158167
0.00141074
0.00145241
0.00147647
0.00164439
0.00206739
0.00155268
0.00137264
0.00141369
0.00135273
0.00143470
0.00143077
0.00131219
0.00132984
0.00165257
0.00145745
0.00132479
0.00130541
0.00126779
0.00134140
0.00158052
0.00140714
0.00144000
0.00132959
0.00151577
0.00132729
0.00129073
0.00139521
0.00130579
0.00135370
0.00133146
0.00133899
0.00134612
0.00129652
0.00140945
0.00175410
0.00169607
0.00132271
0.00149984
0.00144849
0.00135720
0.00137146
0.00142461
0.00137406
0.00144754
0.00129752
0.00135540
0.00148361
0.00130030
0.00144333
0.00138605
0.00137581
0.00150352
0.00136663
0.00129079
0.00129849
0.00154030
0.00131964
0.00133708
0.00126213
0.00131604
0.00132263
0.00127781
0.00132277
0.00137510
0.00182535
0.00194612
0.00184030
0.00145535
0.00135256
0.00122770
0.00134145
0.00146918
0.00139056
0.00139909
0.00135848
0.00149159
0.00142103
0.00191523
0.00188819
0.00160873
0.00132204
0.00137006
0.00132394
0.00143232
0.00133821
0.00143968
0.00133339
0.00142346
0.00133761
0.00158833
0.00139121
0.00160644
0.00151420
0.00168405
0.00196260
0.00244712
0.00216270
0.00207118
0.00161598
0.00189878
0.00272458
0.00338963
0.00231574
0.00164037
0.00133766
0.00127107
0.00142195
0.00148168
0.00126745
0.00126149
0.00132634
0.00124689
0.00126683
0.00118327
0.00131703
0.00120934
0.00120927
0.00121140
0.00121270
0.00122524
0.00123814
0.00124617
0.00138002
0.00162527
0.00134153
0.00127086
0.00117701
0.00117928
0.00122258
0.00145333
0.00130744
0.00123749
0.00130817
0.00125248
0.00122768
0.00120810
0.00133292
0.00134900
0.00135099
0.00136139
0.00152699
0.00213153
0.00177986
0.00195566
0.00156724
0.00120465
0.00116819
0.00122375
0.00126994
0.00152040
0.00137494
0.00130184
0.00128822
0.00133822
0.00151132
0.00124344
0.00121293
0.00115871
0.00117455
0.00118198
0.00139934
0.00131395
0.00121030
0.00118228
0.00123790
0.00130420
0.00130714
0.00129372
0.00122704
0.00127323
0.00120862
0.00124327
0.00120526
0.00121058
0.00122125
0.00123858
0.00122172
0.00130691
0.00119882
0.00119217
0.00121014
0.00118726
0.00126576
0.00141859
0.00135994
0.00152644
0.00125419
0.00123674
0.00118451
0.00146348
0.00131986
0.00119649
0.00122167
0.00123179
0.00133604
0.00123781
0.00125488
0.00125237
0.00156424
0.00203706
0.00165001
0.00165554
0.00190054
0.00199038
0.00200790
0.00147411
0.00138160
0.00145982
0.00148795
0.00142173
0.00136565
0.00142031
0.00129326
0.00162698
0.00184975
0.00175472
0.00139872
0.00143182
0.00131590
0.00165958
0.00223514
0.00172561
0.00162717
0.00154762
0.00145304
0.00145987
0.00183557
0.00224449
0.00156179
0.00155444
0.00156127
0.00147040
0.00170854
0.00148582
0.00142083
0.00143533
0.00135917
0.00146312
0.00141971
0.00146047
0.00135474
0.00190947
0.00167792
0.00167350
0.00138121
0.00181252
0.00139750
0.00145685
0.00135950
0.00156910
0.00184949
0.00198704
0.00181772
0.00194153
0.00178211
0.00155382
0.00140760
0.00150366
0.00141305
0.00160922
0.00151284
0.00145062
0.00129954
0.00138396
0.00129690
0.00137297
0.00126796
0.00130956
0.00132402
0.00157872
0.00182751
0.00158398
0.00189448
0.00194281
0.00151689
0.00150497
0.00149623
0.00153125
0.00131413
0.00129658
0.00136356
0.00128784
0.00131130
0.00127132
0.00126922
0.00136725
0.00127329
0.00126872
0.00127401
0.00128835
0.00123416
0.00148585
0.00127733
0.00142569
0.00125986
0.00124435
0.00121954
0.00123961
0.00124687
0.00122516
0.00133883
0.00156357
0.00133915
0.00126168
0.00132755
0.00131465
0.00126279
0.00121800
0.00125134
0.00122383
0.00183539
0.00133040
0.00150078
0.00169211
0.00243736
0.00189973
0.00185956
0.00186423
0.00138436
0.00128587
0.00129973
0.00125489
0.00135348
0.00137626
0.00131601
0.00127490
0.00130778
0.00130796
0.00126860
0.00121809
0.00143810
0.00142385
0.00151551
0.00131361
0.00122662
0.00119310
0.00125682
0.00140154
0.00126692
0.00123048
0.00121222
0.00125011
0.00124020
0.00119026
0.00130609
0.00132103
0.00125504
0.00145158
0.00120446
0.00124007
0.00119867
0.00117907
0.00129379
0.00121345
0.00124611
0.00122481
0.00124065
0.00123014
0.00123407
0.00121791
0.00124321
0.00131476
0.00122940
0.00128186
0.00130678
0.00147224
0.00135913
0.00127772
0.00120855
0.00121623
0.00125248
0.00126318
0.00120196
0.00127314
0.00120387
0.00126714
0.00129346
0.00130822
0.00124283
0.00125148
0.00128474
0.00119167
0.00127552
0.00126417
0.00149987
0.00121489
0.00128533
0.00136788
0.00132636
0.00135235
0.00130005
0.00130955
0.00127969
0.00125261
0.00120745
0.00153973
0.00128243
0.00151158
0.00148018
0.00120856
0.00121428
0.00119576
0.00128130
0.00134734
0.00124742
0.00126999
0.00134392
0.00123245
0.00126108
0.00123094
0.00121857
0.00117898
0.00125175
0.00118044
0.00121653
0.00121004
0.00123633
0.00125633
0.00123807
0.00121554
0.00124952
0.00134409
0.00124312
0.00121539
0.00120288
0.00124297
0.00138369
0.00122292
0.00124220
0.00146472
0.00143449
0.00158453
0.00121471
0.00123236
0.00120974
0.00129213
0.00122738
0.00121721
0.00123742
0.00121343
0.00120907
0.00120240
0.00126419
0.00148453
0.00137631
0.00136925
0.00163798
0.00159550
0.00141331
0.00122432
0.00119572
0.00123823
0.00126221
0.00126034
0.00121176
0.00121578
0.00127007
0.00126212
0.00126925
0.00121221
0.00120354
0.00125816
0.00142976
0.00184625
0.00137075
0.00121235
0.00139858
0.00136497
0.00120776
0.00118880
0.00123065
0.00127235
0.00119657
0.00118013
0.00127948
0.00121190
0.00133151
0.00126779
0.00122834
0.00119598
0.00122468
0.00127239
0.00120613
0.00121553
0.00130054
0.00122435
0.00125768
0.00124357
0.00120326
0.00120733
0.00116651
0.00129106
0.00120005
0.00114730
0.00120116
0.00138128
0.00173923
0.00152162
0.00132739
0.00127329
0.00130145
0.00117764
0.00121016
0.00121648
0.00133512
0.00136862
0.00130684
0.00128470
0.00120317
0.00127035
0.00119428
0.00121274
0.00123103
0.00121780
0.00123260
0.00118791
0.00122248
0.00121429
0.00132702
0.00118383
0.00120304
0.00121374
0.00123854
0.00122940
0.00120242
0.00120047
0.00120795
0.00124369
0.00135535
0.00139017
0.00134778
0.00126661
0.00135527
0.00128533
0.00134701
0.00128675
0.00120699
0.00125006
0.00121464
0.00123773
0.00125458
0.00124006
0.00121928
0.00118417
0.00124454
0.00121583
0.00122212
0.00121847
0.00122780
0.00120357
0.00122661
0.00121502
0.00122413
0.00119862
0.00120372
0.00120833
0.00135988
0.00122157
0.00121596
0.00122263
0.00122226
0.00134266
0.00137683
0.00151762
0.00132096
0.00132891
0.00122938
0.00121720
0.00120916
0.00116685
0.00135497
0.00124185
0.00117292
0.00124850
0.00125699
0.00121218
0.00118546
0.00120610
0.00122543
0.00119664
0.00130703
0.00121662
0.00143447
0.00132294
0.00137393
0.00123076
0.00120564
0.00138227
0.00148964
0.00164939
0.00142146
0.00155681
0.00273703
0.00270867
0.00264330
0.00213310
0.00153993
0.00128965
0.00135139
0.00124922
0.00120912
0.00157180
0.00170998
0.00139320
0.00133841
0.00125986
0.00125116
0.00126804
0.00144042
0.00140768
0.00126477
0.00122144
0.00134695
0.00119651
0.00120829
0.00118542
0.00145536
0.00127066
0.00120910
0.00126092
0.00122431
0.00131809
0.00123711
0.00148745
0.00137687
0.00150565
0.00135320
0.00131812
0.00127674
0.00134662
0.00160770
0.00124224
0.00124740
0.00124006
0.00143342
0.00128668
0.00123473
0.00144130
0.00125756
0.00160788
0.00126056
0.00120305
0.00119542
0.00130110
0.00139952
0.00126379
0.00127984
0.00123787
0.00121566
0.00136167
0.00121721
0.00143955
0.00125840
0.00121596
0.00126457
0.00130696
0.00138542
0.00157711
0.00141410
0.00139267
0.00128463
0.00126985
0.00131238
0.00128988
0.00127349
0.00137718
0.00127304
0.00121752
0.00127774
0.00122871
0.00152161
0.00137606
0.00136900
0.00120962
0.00119221
0.00127716
0.00121642
0.00124445
0.00125894
0.00129275
0.00129602
0.00123444
0.00117342
0.00118228
0.00123088
0.00119713
0.00127833
0.00159633
0.00137268
0.00158028
0.00167873
0.00131498
0.00118037
0.00121772
0.00189140
0.00135904
0.00125121
0.00121203
0.00120059
0.00121885
0.00126660
0.00134221
0.00128153
0.00121083
0.00123107
0.00125920
0.00120770
0.00128394
0.00129965
0.00125459
0.00121790
0.00120161
0.00120347
0.00120822
0.00121404
0.00125509
0.00141424
0.00133639
0.00134250
0.00121868
0.00120330
0.00139529
0.00152792
0.00153389
0.00129729
0.00119937
0.00142664
0.00131070
0.00139849
0.00128555
0.00134776
0.00129810
0.00128484
0.00129418
0.00136249
0.00203575
0.00141935
0.00145065
0.00170674
0.00168045
0.00173365
0.00146302
0.00188968
0.00234388
0.00159305
0.00139077
0.00131930
0.00129825
0.00131997
0.00128774
0.00128025
0.00148764
0.00163853
0.00151367
0.00128315
0.00146924
0.00123927
0.00133071
0.00126158
0.00123578
0.00136678
0.00133458
0.00132769
0.00130978
0.00123625
0.00121393
0.00120218
0.00124359
0.00125813
0.00123410
0.00121554
0.00124456
0.00122812
0.00119650
0.00126345
0.00123046
0.00123732
0.00117570
0.00124148
0.00123655
0.00121714
0.00124832
0.00124360
0.00170864
0.00134951
0.00190916
0.00146992
0.00120068
0.00117625
0.00118273
0.00117167
0.00124300
0.00120951
0.00119576
0.00126417
0.00124826
0.00122617
0.00125049
0.00128373
0.00131490
0.00127300
0.00122139
0.00119938
0.00135185
0.00122183
0.00120623
0.00124589
0.00125081
0.00122662
0.00128437
0.00134007
0.00125937
0.00126066
0.00125994
0.00126864
0.00121183
0.00142321
0.00152341
0.00152060
0.00141986
0.00128636
0.00133892
0.00125049
0.00125749
0.00128689
0.00121135
0.00124185
0.00124818
0.00130784
0.00128243
0.00125436
0.00126846
0.00117952
0.00120437
0.00127908
0.00119479
0.00121632
0.00123399
0.00123858
0.00120978
0.00120394
0.00122697
0.00119826
0.00123037
0.00124172
0.00119771
0.00120913
0.00120766
0.00124748
0.00118934
0.00140986
0.00168622
0.00143414
0.00127688
0.00122347
0.00119035
0.00138063
0.00142442
0.00128703
0.00124459
0.00126273
0.00126147
0.00128933
0.00121975
0.00122532
0.00124055
0.00131581
0.00125838
0.00125867
0.00135978
0.00127033
0.00135156
0.00129264
0.00128322
0.00123326
0.00131997
0.00132120
0.00121685
0.00138189
0.00125742
0.00136209
0.00122974
0.00120827
0.00136138
0.00156679
0.00194904
0.00127699
0.00126452
0.00118280
0.00127145
0.00122105
0.00120180
0.00116339
0.00120833
0.00129504
0.00127735
0.00131986
0.00122866
0.00116802
0.00130626
0.00132595
0.00128501
0.00126460
0.00141944
0.00120384
0.00120285
0.00122042
0.00125521
0.00125615
0.00121003
0.00122718
0.00117995
0.00119366
0.00136132
0.00120864
0.00137949
0.00131735
0.00172205
0.00132701
0.00122788
0.00127801
0.00131866
0.00145558
0.00131449
0.00120495
0.00120350
0.00120329
0.00139826
0.00125886
0.00127190
0.00125364
0.00125077
0.00123695
0.00119839
0.00121564
0.00124372
0.00136508
0.00124112
0.00127453
0.00125509
0.00124026
0.00133913
0.00120137
0.00120443
0.00123589
0.00123850
0.00123070
0.00120281
0.00123381
0.00137433
0.00141608
0.00177768
0.00126505
0.00119766
0.00119460
0.00130679
0.00121068
0.00125207
0.00120739
0.00119083
0.00123633
0.00124945
0.00124258
0.00117816
0.00124856
0.00125826
0.00120870
0.00125034
0.00119799
0.00124035
0.00122416
0.00123250
0.00128675
0.00127255
0.00127941
0.00123063
0.00127753
0.00126220
0.00129880
0.00133710
0.00120852
0.00121567
0.00155217
0.00145742
0.00159521
0.00137975
0.00130375
0.00135749
0.00144335
0.00123667
0.00120668
0.00116386
0.00120774
0.00122591
0.00121672
0.00124281
0.00119915
0.00139031
0.00120279
0.00124667
0.00120093
0.00127761
0.00127034
0.00119951
0.00131975
0.00121636
0.00135836
0.00120464
0.00148174
0.00131716
0.00125832
0.00128758
0.00130372
0.00124921
0.00121909
0.00150390
0.00141356
0.00171697
0.00130467
0.00146191
0.00122249
0.00120194
0.00119856
0.00118853
0.00133155
0.00125671
0.00127425
0.00121807
0.00122941
0.00134599
0.00124691
0.00119494
0.00120062
0.00120157
0.00119980
0.00120587
0.00120931
0.00123871
0.00124660
0.00121109
0.00124808
0.00120925
0.00122579
0.00133179
0.00120625
0.00119625
0.00119583
0.00123228
0.00153976
0.00139101
0.00174224
0.00133638
0.00147392
0.00131504
0.00121086
0.00123758
0.00122096
0.00123983
0.00123975
0.00124153
0.00123800
0.00128503
0.00122605
0.00125419
0.00124058
0.00124208
0.00142462
0.00124709
0.00125576
0.00118815
0.00126239
0.00125089
0.00119357
0.00121468
0.00123654
0.00124164
0.00120210
0.00122749
0.00124219
0.00119651
0.00123669
0.00134272
0.00133921
0.00169010
0.00143143
0.00129612
0.00123340
0.00135454
0.00125515
0.00130264
0.00124902
0.00124116
0.00120657
0.00120823
0.00131878
0.00127124
0.00128277
0.00120691
0.00127654
0.00117936
0.00124454
0.00121607
0.00142228
0.00132756
0.00137029
0.00124466
0.00118887
0.00122479
0.00126871
0.00122793
0.00120408
0.00122073
0.00137984
0.00124824
0.00155432
0.00139714
0.00150759
0.00130146
0.00129087
0.00122433
0.00120926
0.00129384
0.00126645
0.00125680
0.00124604
0.00120470
0.00133560
0.00123366
0.00123372
0.00119947
0.00123992
