0.00286958
0.00165741
0.00132169
0.00197120
0.00166756
0.00132060
0.00109286
0.00126126
0.00132094
0.00107475
0.00102240
0.00116597
0.00104294
0.00110503
0.00099812
0.00095987
0.00106688
0.00096753
0.00098063
0.00094870
0.00101521
0.00096215
0.00095704
0.00121765
0.00132641
0.00131275
0.00103389
0.00104788
0.00095789
0.00096345
0.00095444
0.00095121
0.00121922
0.00097221
0.00095267
0.00096001
0.00000000
0.00000000
0.00000000
0.00000000
2.14985247
0.00420517
0.00495264
0.00259913
0.00333195
0.00269127
0.00217025
0.00219384
0.00333893
0.00276049
0.00248000
0.00388709
0.00317041
0.00266245
0.00287929
0.00230474
0.00287192
0.00279066
0.00231607
0.00223996
0.00319989
0.00226703
0.00196268
0.00336878
0.00249544
0.00206542
0.00284638
0.00233214
0.00198014
0.00249009
0.00309202
0.00265624
0.00444955
0.00211772
0.00199038
0.00227479
0.00234374
0.00235867
0.00248922
0.00205671
0.00271829
0.00296319
0.00247452
0.00232155
0.00290317
0.00205369
0.00206562
0.00193849
0.00213089
0.00193386
0.00202479
0.00194597
0.00197261
0.00179772
0.00188410
0.00183217
0.00196048
0.00203257
0.00216672
0.00188895
0.00220310
0.00313208
0.00302258
0.00248244
0.00223525
0.00260311
0.00251491
0.00199702
0.00202176
0.00214860
0.00233102
0.00199911
0.00345341
0.00257468
0.00222039
0.00318265
0.00220942
0.00206571
0.00227570
0.00193804
0.00222973
0.00193351
0.00198005
0.00183950
0.00183980
0.00205882
0.00188897
0.00196024
0.00201012
0.00248532
0.00211996
0.00220420
0.00201478
0.00185857
0.00197669
0.00210259
0.00202612
0.00191242
0.00193775
0.00207735
0.00193170
0.00189036
0.00188559
0.00000000
0.00000000
0.00000000
0.00000000
1.37760320
0.00142323
0.00141811
0.00100390
0.00166533
0.00078588
0.00100470
0.00078437
0.00065863
0.00062244
0.00056859
0.00056935
0.00047773
0.00063083
0.00075402
0.00066157
0.00049125
0.00059228
0.00041554
0.00062894
0.00046886
0.00049526
0.00056123
0.00093398
0.00064025
0.00052402
0.00047089
0.00046311
0.00048405
0.00068019
0.00054098
0.00049145
0.00050846
0.00060527
0.00043932
0.00054406
0.00041105
0.00000000
0.00000000
0.00000000
0.00000000
0.08211770
0.00177080
0.00121066
0.00097142
0.00088634
0.00090767
0.00064039
0.00080041
0.00052505
0.00042932
0.00043014
0.00060213
0.00068482
0.00047552
0.00042852
0.00043316
0.00075843
0.00070274
0.00053580
0.00042027
0.00043025
0.00059088
0.00094225
0.00056193
0.00093110
0.00042688
0.00075826
0.00077816
0.00059557
0.00040223
0.00042392
0.00055587
0.00067808
0.00000000
0.00000000
0.00000000
0.00000000
1.20510351
0.00224541
0.00132649
0.00126900
0.00102085
0.00085828
0.00093802
0.00066568
0.00073117
0.00070150
0.00067736
0.00054260
0.00048043
0.00070893
0.00100234
0.00075296
0.00066162
0.00116160
0.00057533
0.00055054
0.00049460
0.00056790
0.00058861
0.00056187
0.00052441
0.00057456
0.00054474
0.00084259
0.00056705
0.00054134
0.00047244
0.00058241
0.00056219
0.00061598
0.00060957
0.00072486
0.00059996
0.00092944
0.00053142
0.00057080
0.00051118
0.00078799
0.00063135
0.00074425
0.00055867
0.00061825
0.00053464
0.00094605
0.00065112
0.00000000
0.00000000
0.00000000
0.00000000
1.95305684
0.00245747
0.00172508
0.00176409
0.00155757
0.00128073
0.00084429
0.00084034
0.00108314
0.00075723
0.00079506
0.00147615
0.00095450
0.00080264
0.00064942
0.00072083
0.00075365
0.00079146
0.00066813
0.00064382
0.00075151
0.00102429
0.00072114
0.00070764
0.00070008
0.00081590
0.00084634
0.00078795
0.00063373
0.00065055
0.00065016
0.00079547
