0.58639127
0.00203718
0.00190796
0.00169558
0.00216042
0.00105879
0.00129148
0.00112098
0.00128139
0.00188299
0.00089518
0.00117637
0.00099501
0.00105967
0.00102003
0.00127990
0.00079989
0.00119342
0.00162232
0.00100557
0.00067140
0.00064591
0.00073934
0.00081484
0.00068826
0.00118008
0.00083664
0.00067018
0.00062606
0.00063110
0.00100137
0.00068594
0.00067444
0.00064037
0.00084414
0.00081009
0.00070430
0.00065252
0.00061626
0.00063613
0.00062232
0.00062327
0.00066444
0.00066151
0.00122588
0.00078901
0.00140309
0.00152224
0.00146466
0.00159701
0.00172741
0.00081172
0.00079529
0.00086144
0.00075311
0.00069607
0.00072505
0.00077923
0.00095070
0.00073471
0.00085917
0.00070799
0.00064525
0.00064999
0.00066181
0.00067473
0.00076592
0.00069359
0.00083578
0.00078974
0.00074905
0.00110040
0.00076778
0.00070699
0.00090172
0.00000000
0.00000000
0.00000000
0.00000000
1.72098098
0.00117110
0.00155180
0.00169316
0.00121991
0.00175828
0.00203675
0.00119172
0.00144102
0.00104172
0.00101168
0.00109766
0.00081547
0.00132099
0.00148739
0.00096252
0.00085691
0.00084009
0.00129873
0.00081219
0.00081374
0.00072744
0.00060581
0.00069233
0.00105487
0.00099152
0.00115090
0.00075751
0.00068007
0.00075812
0.00076470
0.00075299
0.00071098
0.00083940
0.00075187
0.00115624
0.00075945
0.00068443
0.00059399
0.00055242
0.00053207
0.00057694
0.00069279
0.00083432
0.00062264
0.00078301
0.00059418
0.00051272
0.00056329
0.00058075
0.00051118
0.00060098
0.00051808
0.00057491
0.00068498
0.00065015
0.00076454
0.00058399
0.00058859
0.00061053
0.00067057
0.00091041
0.00119644
0.00093572
0.00090761
0.00085108
0.00000000
0.00000000
0.00000000
0.00000000
0.45362032
0.00313791
0.00303022
0.00214377
0.00150591
0.00126999
0.00174849
0.00199420
0.00000000
0.00000000
0.00000000
0.00000000
0.41038936
0.00300550
0.00330471
0.00312032
0.00395392
0.00348897
0.00247216
0.00186477
0.00161569
0.00140438
0.00180206
0.00210241
0.00171740
0.00145598
0.00140483
0.00139415
0.00153002
0.00160789
0.00215756
0.00180169
0.00155340
0.00149105
0.00160625
0.00209390
0.00228896
0.00165566
0.00153349
0.00141626
0.00172922
0.00218656
0.00268386
0.00202234
0.00159399
0.00136867
0.00193312
0.00239197
0.00181073
0.00168819
0.00143537
0.00158575
0.00183699
0.00243524
0.00184504
0.00155035
0.00144008
0.00143227
