10000
9.851133
9.834765
9.7825985
9.812403
9.761911
9.796153
9.76994
9.749738
9.72802
9.620721
9.579967
9.557966
9.54239
9.457874
9.483251
9.416344
9.435958
9.337909
9.245485
9.21265
9.223406
9.252905
9.129716
9.022004
9.120183
9.08645
9.110327
9.01615
8.935707
8.92191
8.81297
8.815263
8.709946
8.7106285
8.612613
8.611842
8.503706
8.385309
8.297817
8.352648
8.370876
8.200479
8.099694
8.055511
8.045296
7.8912683
7.772479
7.8147783
7.615677
7.538987
7.2750626
7.494078
7.3265996
7.1528745
7.072463
7.007289
6.989932
6.853132
6.944146
6.955132
7.037231
7.0034413
6.93908
6.784349
6.9450746
6.8482227
6.826852
6.8513055
6.8888516
6.9573674
6.9360995
7.0075655
6.9577436
6.9482107
6.9973364
6.978165
7.108211
6.9913163
7.060912
6.798134
7.050454
6.896999
6.9789844
6.8521547
7.0043535
6.845358
6.9029527
7.0265145
6.9575443
6.958494
6.9730167
7.231438
7.4053936
7.399772
7.4907074
7.562596
7.5878105
7.8347597
7.949035
8.242758
8.159437
8.20759
8.18203
8.038649
8.08807
8.238558
8.300396
8.27479
8.231156
8.502649
8.402311
8.329924
8.299693
8.227012
8.177338
8.122085
8.115587
8.192221
8.13528
8.1124
8.052795
7.9743876
7.910969
8.049883
7.981889
7.97544
7.9833937
7.904205
7.8552012
7.7808223
7.748381
7.6529617
7.5956674
7.648777
7.562971
7.5862317
7.504242
7.616461
7.560088
7.5631666
7.609315
7.5907784
7.550303
7.566707
7.50042
7.580293
7.5284243
7.5580287
7.609461
7.543247
7.5035357
7.609657
7.493751
7.4950585
7.416785
7.4121485
7.3937025
7.415197
7.280909
7.3273287
7.3724456
7.3368535
7.2995825
7.393528
7.321148
7.261201
7.261056
7.340754
7.354302
7.3380103
7.3717327
7.3988996
7.508575
7.538269
7.318198
7.388715
7.3032126
7.273677
7.3167677
7.26576
7.1667323
7.127185
7.1142745
7.1241484
7.033375
7.105095
7.1026525
7.0871644
7.121442
7.0124288
7.1858006
7.0506215
7.0187235
6.9175816
6.871837
6.794256
6.778369
6.6738915
6.5295086
6.885119
6.5982256
6.6966724
6.5557184
6.5695505
6.558918
6.365042
6.36687
6.4126463
6.387551
6.251513
6.336203
6.25565
6.5286684
6.431979
6.5967436
6.223611
6.461954
6.604164
6.6277027
6.6948676
6.503496
6.6585026
6.5326786
6.8279004
6.6969776
6.725
6.485044
6.794493
6.592379
6.7727323
6.734514
6.6922884
6.6584907
6.673432
6.7085567
6.6976843
6.6277695
6.5603366
6.672062
6.705095
6.5682945
6.642538
6.454466
6.7423706
6.634688
6.8504286
6.4775257
6.8606877
6.7910113
6.7334175
6.7401924
6.3664284
6.6590147
6.549228
6.5555205
6.5051546
6.603081
6.5631022
6.7550635
6.7437487
6.55562
6.5062623
6.6864004
6.614371
6.71685
6.6366315
6.595027
6.7601643
6.7902474
6.632109
6.7011895
6.681798
6.633882
6.569307
6.679089
6.468079
6.6167064
6.8186216
6.683438
6.584139
6.732238
6.724463
6.6647544
6.6466265
6.536529
6.6344514
6.512006
6.70117
6.692736
6.60818
6.5613637
6.5682425
6.454972
6.439657
6.636961
6.28199
6.429122
6.507171
6.317813
6.4280076
6.2585
6.3437204
6.4511957
6.158119
6.311178
6.1801343
6.518227
6.424831
6.4261036
6.3803263
6.405951
6.5189896
6.473983
6.3786917
6.536468
6.5990505
6.6089563
6.2312555
6.6776714
6.4755206
6.562092
6.4543166
6.562215
6.368631
6.6164804
6.551649
6.536044
6.45601
6.506267
6.4417067
6.546829
6.3598585
6.575535
6.286799
6.5209045
6.3057866
6.519139
6.5285106
6.356471
6.404441
6.4281034
6.5021744
6.4454875
6.3732533
6.2881684
6.2879643
6.359146
6.379869
6.3678913
6.312516
6.438938
6.3514986
6.3556356
6.20025
6.4671655
6.4584084
6.4940805
6.5378428
6.6110287
6.51967
6.52455
6.596144
6.5966663
6.674219
6.9217467
6.8479166
6.874325
6.814504
6.887227
6.8603683
6.845895
6.887953
6.911029
6.941841
7.1262407
6.944343
7.115902
6.9473104
7.013174
6.8575544
6.9052787
6.932608
6.9549685
6.836419
6.7979107
6.9139347
6.9661117
6.8500805
6.891143
6.8022385
6.8075557
6.800097
6.7040153
6.680068
6.5885167
6.6320505
6.763151
6.764444
6.702671
6.6751833
6.778781
6.5863304
6.694193
6.662578
6.663632
6.494982
6.598957
6.6477733
6.5296483
6.5589595
6.6558137
6.573333
6.667833
6.706132
6.7005744
6.77088
6.736643
6.6336308
6.6829624
6.6513543
6.8280087
6.587133
6.7909784
6.6086407
6.656226
6.6583133
6.767268
6.602079
6.645547
6.729905
6.7892575
6.6395545
6.797229
6.8951087
6.819358
6.715535
6.63455
6.7005525
7.0111294
6.8884034
6.8154793
6.8720446
6.9658628
6.8291516
6.888572
6.94132
7.0111732
6.93638
7.1340647
7.024029
6.900437
6.8111396
6.8892746
6.9077053
6.717273
6.7968225
6.928891
6.886942
6.882312
6.901612
6.853014
6.985053
6.774983
7.0149508
6.816595
6.842285
6.896798
6.718883
6.93782
6.779311
6.6582546
6.9054
6.9250236
6.7462673
6.8247757
6.851501
6.8422947
7.055899
6.764386
6.861898
6.8176913
6.936263
6.7160497
6.9345407
6.8192344
6.955825
6.898041
6.971204
6.967696
6.9037547
7.059669
7.0230346
6.9480443
7.092211
7.030968
7.172418
7.2883883
7.006954
7.408154
7.3023
7.2692003
7.2283106
7.3246913
7.184538
7.2791905
7.178818
7.3960414
7.3781767
7.454357
7.415465
7.4338007
7.3434086
7.1625977
7.2066436
7.114871
7.3481436
7.388713
7.40462
7.2389207
7.146099
7.2054157
7.3832574
7.123313
7.1529965
7.1410522
7.103904
6.927342
6.9893436
6.987205
6.9830713
7.000325
7.0524387
6.9956837
7.156543
6.9201403
6.933608
6.925622
6.933298
7.047908
6.968267
6.9055843
6.927395
6.9002395
6.932351
6.9848247
6.9324627
6.993515
7.012245
6.915933
6.8771505
6.783901
6.9274898
7.0218806
6.960077
6.856817
6.8491592
6.873983
6.8059072
7.02321
6.976795
7.162078
6.98554
7.059433
7.172681
7.117075
7.08435
6.9840612
7.051631
7.081873
7.13322
7.246201
7.253136
7.4447145
7.2477045
7.3858833
7.388115
7.348053
7.354985
7.306958
7.295227
7.408419
7.4072204
7.324071
7.134915
7.140284
7.3487525
7.326949
7.3860807
7.301415
7.352853
7.139733
7.256796
7.180419
7.384013
7.3276124
7.3202267
7.2698493
6.9508333
6.823447
7.064786
7.074807
7.0156984
6.9751635
6.999585
6.7916284
6.702008
6.862453
6.8348713
6.796733
6.854095
6.7777205
6.704507
6.8790655
6.880417
6.8754587
6.820226
6.922156
6.8674307
7.0032415
6.7499804
6.886928
6.9590282
6.8427854
6.8998857
6.931546
7.0523887
6.875186
6.86619
6.810233
6.9693336
6.9590535
7.093878
6.851847
7.052308
6.9288306
6.8853545
7.1637845
7.054296
7.0223484
7.0357904
7.285042
7.2149487
7.3472333
7.067853
7.3212647
7.0774007
7.245032
7.396982
7.3416305
7.5042796
7.4108477
7.31799
7.41092
7.5764875
7.2993293
7.4687557
7.461244
7.430966
7.2848425
7.445409
7.5177655
7.330959
7.32174
7.371321
7.2399125
7.2431912
7.3046856
7.4003496
7.3827105
7.330405
7.229532
7.2316613
7.0825505
7.1665435
7.1446285
7.038234
6.853929
6.865311
6.983621
6.9157677
6.8923507
6.877259
6.888267
6.8974566
6.914301
6.8695054
6.8018475
6.69901
6.8974276
6.6873865
6.816017
6.835772
6.9671474
6.8479004
6.8318186
6.960929
6.7903085
6.858694
7.0071645
6.839416
6.931347
6.9600844
7.007673
6.854332
6.910553
6.9456806
7.0211244
6.9804764
6.85805
6.9868646
6.892396
7.0854635
7.085618
7.000118
7.212258
6.9292393
7.1801515
6.996148
7.2298846
7.1912336
7.1744094
7.049993
7.0670485
7.0812373
7.101829
7.4058127
7.340141
7.338912
7.335064
7.352517
7.3698997
7.4313774
7.1682177
7.2163014
7.2842245
7.24271
7.2976794
7.2234964
7.252856
7.13318
7.3755927
7.0449815
7.17688
7.1144896
7.132416
7.196104
7.2424436
7.125432
7.0252852
7.0578904
7.2093363
6.9709344
7.0189342
7.0476565
6.957132
7.0678844
7.034265
6.8979077
6.8900394
6.854304
6.8382363
6.7347045
6.906773
6.7864265
6.9848957
6.733703
6.9173627
6.860485
6.877797
6.8685865
7.1750827
7.200718
7.160557
7.0595894
6.84788
6.5628242
6.4609504
6.608479
6.6050334
6.1913967
6.006925
5.680371
5.330737
5.438706
4.799167
4.709691
4.294425
3.9282856
3.6073453
3.1826327
3.0970924
2.8753374
2.5287275
2.3166604
1.992262
2.2022312
1.9733853
2.1217916
2.4276578
2.1580691
1.8586153
2.091761
1.9251834
1.8953145
2.253111
2.276726
2.2906876
2.2916484
2.2293868
2.8226688
2.43015
2.3081849
2.1822379
2.684012
2.8965943
2.436893
2.2987638
2.6478968
2.633086
2.2995071
2.3270218
2.8257823
2.8277118
2.7658274
2.4333007
2.7820437
2.7801795
2.930785
2.1211574
2.7188847
2.77033
2.3678524
2.221072
2.5589473
2.4176223
2.6004915
2.6049786
2.7783566
2.3443494
2.621992
2.3447988
2.092374
2.2579842
2.5330753
2.250561
2.3834076
2.2003462
2.2734144
2.418752
2.5672214
2.7166166
2.1850383
2.348264
2.2994587
2.172282
2.3535185
2.2315583
2.4575124
2.5030158
2.483012
2.4787123
2.1666734
2.849769
2.652472
2.6119301
2.1413877
2.4196036
2.6332612
2.1814334
2.4757032
2.412823
2.6337602
2.2762563
2.423061
2.593435
2.3838935
2.4928505
2.2249098
2.2442164
2.2123377
2.6061318
2.3224096
2.7943804
2.5513136
2.5043178
2.5171933
2.410499
2.3273191
2.1784527
2.24232
2.0308142
1.9065342
2.4827619
2.7640812
2.668224
2.6044943
2.549624
2.2405615
2.732181
2.6806345
2.522057
2.6753192
2.6531355
2.9150362
2.8919404
2.8985112
2.3729658
2.7769923
2.6704679
2.6126533
2.0824142
2.1924467
2.510299
2.4741657
2.2667546
2.3842835
2.171448
2.1609857
2.2647007
2.163293
2.141168
2.363706
2.1910021
2.1678996
2.3826046
2.2598264
2.1810699
2.173825
2.240214
1.9756114
2.1904142
2.2601848
2.2431593
2.2577312
2.3827796
2.233244
2.3542852
2.0668035
2.006844
2.101659
2.2615323
2.3004587
2.3604507
2.5581522
2.509581
2.6885538
2.2741456
2.1861026
2.123873
2.2352393
2.169595
2.3065937
2.6901057
2.6397417
2.458974
2.4587073
2.348915
2.107437
2.2063522
2.416312
2.3398132
2.724209
2.7109041
2.7078078
2.495068
2.3141792
2.3752882
2.0472517
2.22469
2.3372793
2.563307
2.5552945
2.3422132
2.197725
2.0856156
1.9392415
1.9077768
1.8331975
2.1615918
2.409452
2.398003
2.2571096
2.1878545
2.3071063
2.2025983
2.0281873
2.0544863
1.8754225
2.1581147
2.5979514
2.6213508
2.6401038
2.6700225
2.6414819
2.3846595
2.3606102
2.2840817
2.3537574
2.1211402
2.5799048
2.721826
2.6617875
2.6784828
2.605151
2.6377501
2.3217483
2.4490993
2.262403
2.1846833
2.4821382
2.4115005
2.5502844
2.6885166
2.459583
2.57694
2.4950206
2.4394455
2.656165
2.2836769
1.9721639
2.0378928
2.3440764
2.3118968
2.6619458
2.288322
2.6661892
2.6072724
2.6230764
2.1772823
2.055174
2.2825768
2.350388
2.4116173
2.4980154
2.5713322
2.3375866
2.3611436
2.445805
2.4636047
2.2793696
2.182253
1.9411103
2.0498762
1.9216633
2.4386158
2.5769143
2.2967834
2.5982714
2.3953712
2.675166
2.3684785
2.203891
2.2456124
2.3853126
2.2268853
2.311254
2.524066
2.4042945
2.1439419
2.323819
2.1092114
1.9952582
2.0275593
1.9965401
2.0382302
2.3429537
2.6809132
2.5585275
2.416547
2.5023928
2.51298
2.314117
2.1126492
2.0673008
1.9109881
2.02256
2.2922828
2.4607496
2.5079513
2.4488518
2.3925056
2.1165655
2.2423666
2.1742253
1.8614048
2.4647272
2.3336434
2.607586
2.4272928
2.2791927
2.1396189
2.1066356
2.0754766
2.2252157
2.4825842
2.529534
2.5317705
2.3067877
2.0950165
2.0066254
2.2921033
2.2699838
2.5095751
2.3914137
2.190609
2.2991679
1.9190533
2.0601873
2.335875
2.4530234
2.4574845
2.2661805
2.1382368
2.1458776
2.0755801
2.2714286
2.1853976
2.3089247
2.155429
2.0169642
2.0339198
1.8351009
1.9797038
2.2298086
2.570467
2.6477847
2.3799455
2.2699075
2.4161355
2.5190952
2.2822788
2.2623527
2.3155427
2.4924204
2.5367517
2.4357967
2.4706948
2.4197445
2.2767706
2.5190377
2.4611747
2.2851577
2.3796632
2.1114883
2.625703
2.3539755
2.4462388
2.3337808
2.192779
2.4708254
2.511032
2.3526568
2.249134
2.737385
2.4117713
2.2971504
2.490592
2.417765
2.3411217
2.475948
2.1655235
2.0867345
2.215822
2.2754848
2.3065422
2.2163558
2.2380748
2.5478764
2.2574534
2.1373193
2.413167
2.660238
2.3037794
2.4732196
2.2132866
2.3248696
2.5784583
2.394413
2.2166817
2.3828878
2.233627
2.571857
2.7171106
2.6200771
2.585457
2.8140604
2.354364
2.5683975
2.622238
2.5104556
2.5250793
2.5409489
2.5309281
2.4160633
2.3506446
2.4746122
2.5574174
2.41994
2.2037983
2.4025886
2.3221123
2.399625
2.27891
2.317059
2.397864
2.416907
2.290296
2.4269507
2.641322
2.4993715
2.2976055
2.3692532
2.2099829
2.698668
2.5667267
2.4121592
2.4203098
2.2931397
2.3302023
2.5825496
2.514894
2.341941
2.290694
2.546615
2.2234106
2.4371436
2.654376
2.4181654
2.529071
2.4223895
2.3121083
2.4190707
2.608186
2.627911
2.4241467
2.732088
2.5560377
2.2857382
2.4043903
2.5570667
2.3645303
2.4060616
2.4356446
2.2834673
2.1414962
2.655925
2.4149764
2.505271
2.2908242
2.2188642
2.207153
2.3798451
2.6760628
2.3813727
2.5121047
2.5201502
2.2518032
2.4464562
2.7697985
2.363752
2.5092325
2.402671
2.358351
2.688673
2.5808182
2.6867151
2.7007604
2.654838
2.631006
2.7522478
2.36973
2.65659
3.0489175
2.8398426
2.806716
2.484523
2.2115014
2.426056
2.7567022
2.438474
2.7106717
2.4068289
2.3264914
2.5278988
2.7753234
2.4702249
2.358595
2.6698644
2.6197257
2.6451576
2.8722737
2.6979203
2.2891803
2.3646264
2.377479
2.501572
2.5830693
2.6372895
2.5320768
2.5112524
2.4304693
2.3848686
2.556643
2.7766428
2.512429
2.2999005
2.5294168
2.7414532
2.6293373
2.9191182
2.5936742
2.362291
2.581569
2.6709814
2.66389
2.7419658
2.9584055
2.3707364
2.6875873
2.8734524
2.8413718
2.754246
2.938301
2.7750366
3.1333094
3.05922
2.8129654
3.2148552
2.9663591
2.7109714
2.731939
2.7879798
2.7563834
3.007013
3.1406896
2.5189157
2.5611658
2.2736607
2.3021417
2.7762413
3.0060866
2.635963
2.326588
2.3680913
2.3938327
2.8890998
3.031326
2.7119722
2.2608888
2.2799585
2.3255012
2.6122508
2.8257663
2.746677
2.2308776
1.9923488
2.130037
2.126769
2.2208576
2.3378353
2.6315382
2.4331915
2.6086392
2.6088343
2.305344
2.3781574
2.4333143
2.5691621
2.8134751
2.5657969
2.538283
2.6649108
2.61168
2.5745785
2.3693647
2.0667582
2.1856728
2.407564
2.3671746
2.6864724
2.4623234
2.3118742
2.4617305
2.336401
2.268144
1.9971716
2.4006274
2.753966
2.3877544
2.3575559
2.0512834
2.1350734
2.5175266
2.4099143
2.5693517
2.275585
2.2928731
2.5727596
2.3975332
2.2557044
2.050358
2.4824328
2.7283328
2.5844886
2.5875163
2.445896
2.5265489
2.7923913
2.6151912
2.5315065
2.2226212
2.200812
2.097596
1.886725
2.0916498
2.226513
2.4111133
2.2601414
2.0969477
2.0058606
2.3428597
2.419363
2.0773587
2.172119
1.8672199
1.9501624
2.14408
2.150703
2.164293
2.3979082
1.961846
1.9702532
2.046643
1.9890178
2.1168876
2.0870128
2.2059548
2.3480844
2.0515563
1.8929303
1.8325875
1.9613066
2.1159005
1.879862
1.8302413
1.7279253
2.253031
1.9204161
1.851651
1.7632059
2.2351325
2.0936708
1.9535677
2.2047331
2.1248858
2.2809842
1.8944843
1.8747683
1.9715464
2.1935167
2.0001495
1.8612118
2.0303755
1.8954057
2.183537
1.7789252
1.7550157
2.0074575
2.2858515
1.8828654
1.8376477
2.0249991
2.2080712
2.2794259
2.2091074
2.1383226
2.1169624
2.2871149
2.283405
1.8723749
2.0814338
2.2739987
2.3942292
2.2675476
1.8619677
2.116719
2.1772594
2.2255282
1.9334723
2.1618264
2.5649755
2.1187558
2.1492999
2.0532095
2.4499395
2.3972864
2.291317
2.1738172
2.2000086
2.5682297
2.4779544
2.2980127
2.1611984
2.2708247
2.2375927
2.2004762
2.0726054
2.2860646
2.3773026
2.3666918
2.2688396
2.2375681
2.2805476
2.335842
2.451622
2.3172786
2.3524039
2.3710296
2.5854003
2.4338346
2.4432921
2.2001276
2.4685075
2.3630223
2.3422914
2.459622
2.449415
2.235539
2.1436732
2.2302806
2.250763
2.3299024
2.3667238
2.291605
2.1302218
2.1813707
2.076677
2.484745
2.8347642
2.923058
2.6969478
2.5980961
2.1364918
1.7433155
2.0131633
2.1427026
1.9837596
1.9252901
1.6974908
1.7453301
1.8810692
1.896668
2.1557317
2.1195357
2.0590944
1.8422129
1.997129
1.9341159
1.7083235
1.6644251
1.903562
1.8384802
1.9280238
2.1716013
2.215478
2.204672
2.1189613
2.0453963
2.2327175
2.4539788
2.6082017
2.6565845
2.7773316
2.8672886
2.6280074
2.3432345
2.2195933
2.2984626
2.2491345
2.3819466
2.53961
2.4300406
2.5143251
2.680116
2.660121
2.8524454
2.917383
3.0313082
2.7833347
2.920733
2.8037798
2.5630667
2.601132
2.8503163
3.0074067
3.0392761
3.0980196
2.9352667
2.585799
2.69238
2.8440275
2.8358684
2.561191
2.723335
2.7348034
2.8129592
2.8427567
3.2086167
3.321733
3.197617
2.8952777
2.8533177
2.6644185
2.5099907
2.5137465
2.2793603
2.229083
2.403561
2.3318315
2.4025083
2.7061863
2.5302298
2.411122
2.4716628
2.309255
2.4029694
2.0507126
2.1664658
2.2704911
2.2965662
2.4717405
2.607472
2.8447633
2.9362302
3.0007238
3.1155353
3.0924044
2.869599
2.8648515
2.6807022
2.9220185
2.7900064
2.8448272
3.0240607
3.1418314
3.14694
3.2343302
2.9227612
2.991778
2.72891
2.6502576
2.6981912
2.7734277
2.7650192
2.8998392
2.8626692
2.780249
2.8507667
2.7345824
2.8597946
2.822618
2.799004
2.674677
2.640861
3.1129954
3.132374
3.250459
3.1834185
3.0705152
3.1685786
2.8146102
2.6845517
2.3857198
2.2802055
2.0342438
2.3429213
2.4612265
2.4694734
2.6389904
2.6327806
2.709568
2.6731963
2.695755
2.659335
2.5570242
2.5807428
2.5042424
2.4723163
2.223713
2.5069797
2.3735619
2.2853343
2.3108761
2.2796466
2.620823
2.597621
2.266627
2.2233162
2.2778568
2.3066936
2.1416159
2.1764102
2.0881755
2.1057572
2.1505828
2.281215
2.1638021
2.2128847
2.2114294
2.0179834
1.7625985
2.0080795
1.9454623
1.8059697
1.7510518
1.9359044
2.0721853
2.4181552
2.2592225
2.4258456
2.3871293
2.461649
2.6493037
2.78801
2.7574987
2.7197561
2.5110855
2.363104
2.2396514
2.059834
2.2827191
1.6404119
1.779656
1.8129616
2.0626535
1.954603
1.9935557
2.0365152
2.2055728
1.8969975
1.8799349
2.1491191
2.0792975
2.331372
2.3434403
2.2769825
2.5541503
2.3561926
2.3771613
2.3216743
2.3375232
2.6877122
2.3636816
2.343701
2.4631653
2.424612
2.5921206
2.8038242
2.584011
2.5606875
2.571174
2.8798306
2.5241535
1.9756596
2.0979736
2.0947216
1.941931
2.0652542
1.8811827
1.9676591
1.7616673
1.4858631
1.4876828
1.4249282
1.4280648
1.269833
1.2596276
1.6839776
2.3385682
2.5589757
2.5288374
2.4722352
2.5290725
2.3862154
2.356187
2.352775
2.2743206
2.4602451
2.745364
2.5001104
2.3188775
2.3939962
2.4423466
2.2117615
2.2834754
2.2226527
1.8339064
2.0308766
2.097142
1.8246677
1.7767051
1.7782154
1.8967558
1.728117
1.870584
2.3345995
2.0823755
2.1398864
2.0543118
2.0301583
1.922282
1.9855386
2.104095
2.1374137
2.3839388
2.4395308
2.3563447
2.260412
2.3630824
2.424504
2.4196005
2.488771
2.5501332
2.3354602
2.0464525
1.6485963
1.676156
1.3281264
1.548954
1.1561792
1.341238
1.572512
2.3071775
2.247465
2.2203863
2.4100256
2.2894258
2.1428149
2.0684865
2.126646
2.327027
2.4833744
2.3291783
2.5402303
2.382067
2.0053809
1.9916686
2.0307665
2.2742162
3.0997236
3.1891196
3.3645928
3.1951566
3.2975857
2.7486088
3.0859709
2.9821334
2.8968246
2.8552353
2.5672274
2.57261
2.5486732
2.4725673
2.4661517
2.5069587
2.546225
2.4728334
2.4981177
2.2781222
2.1149213
2.2713592
2.4350257
2.6340353
2.7155104
2.5769234
2.2685611
2.1558945
2.1446931
