10000
8.8559265
8.894523
8.842503
8.898612
8.876287
8.818638
8.897635
8.863003
8.824461
8.865964
9.019701
9.002476
9.009504
9.02327
9.070321
8.941682
8.815347
8.83766
8.878697
8.88702
8.89477
8.9728155
9.032059
9.05942
9.097399
9.073157
9.134823
9.136294
9.157336
9.156446
9.135529
9.143055
9.054902
9.007468
8.942004
8.964035
8.935317
9.023958
9.007794
9.043769
9.060872
9.128096
9.135689
9.1272
9.0686865
9.139683
9.132027
9.063202
9.007658
8.935922
8.905516
8.902405
8.962893
9.05511
9.091394
9.189306
9.191885
9.193497
9.202223
9.152628
9.094898
9.039896
8.985227
8.968882
8.978759
9.048578
9.022445
9.05414
9.02994
9.042385
9.00243
9.062541
9.027551
9.062144
9.045878
8.999372
8.993874
8.949209
8.966635
8.931813
8.784895
8.762964
8.770048
8.805946
8.760651
8.783472
8.860575
8.829333
8.874771
8.7890415
8.877855
8.8734045
8.934477
8.881392
8.913107
8.911768
8.920984
8.942307
8.851833
8.837875
8.839068
8.810023
8.795839
8.81938
8.821537
8.810497
8.814132
8.868128
8.783419
8.867214
8.827813
8.930565
8.887437
8.870692
8.860885
8.851769
8.871674
8.858453
8.920186
8.942296
8.813357
8.876244
8.816053
8.839988
8.915878
8.827247
8.840491
8.835584
8.8288355
8.8997755
8.851973
8.940541
8.922438
8.918577
8.87364
8.8371935
8.853266
8.810207
8.868863
8.891906
8.970709
8.9255905
8.893682
8.827155
8.8503475
8.75045
8.778258
8.73415
8.719501
8.709307
8.69869
8.7597685
8.669945
8.800434
8.712615
8.7709875
8.724007
8.685235
8.606501
8.546911
8.49378
8.411884
8.416212
8.420811
8.610732
8.564946
8.521001
8.50724
8.448591
8.350358
8.282503
8.249124
8.124146
8.14872
8.001347
8.026138
7.896616
7.8699307
7.7575846
7.659137
7.328606
7.114939
6.7846227
6.4439774
6.03122
5.421567
4.919293
4.4075108
4.3603005
4.512454
4.6983027
5.1281104
5.3225236
5.5718393
5.667992
5.824242
6.2192664
6.4438214
6.6429534
6.8984575
6.958252
7.143714
7.292523
7.3628335
7.540551
7.5442543
7.479258
7.481918
7.6226773
7.667209
7.8574452
8.0705
8.109896
8.038765
8.104225
8.1404295
8.069597
8.074013
7.9273424
8.003818
7.878989
7.908434
7.926333
7.9384556
7.911533
7.9737043
7.9825196
7.995882
7.974385
8.026916
7.956475
8.104608
7.9472265
8.071261
8.001007
8.00541
7.9766636
8.066346
8.088199
8.053705
8.025625
7.9954033
8.107649
8.07236
8.101847
7.998189
8.042223
7.9782386
7.979557
7.9951534
8.003101
8.015863
7.9501996
8.071525
8.103022
8.092541
8.096932
8.108932
8.110274
8.108074
8.245991
8.237905
8.23852
8.260449
8.254367
8.266074
8.272648
8.261496
8.279914
8.251525
8.30095
8.3553
8.347087
8.350716
8.313875
8.35058
8.3200035
8.354037
8.310339
8.325333
8.3166485
8.31763
8.333613
8.342085
8.332297
8.362808
8.358403
8.396657
8.312073
8.378995
8.421542
8.466304
8.535137
8.483924
8.503582
8.426232
8.351425
8.282144
8.374676
8.380855
8.467221
8.454279
8.487357
8.476193
8.493459
8.503545
8.480691
8.474653
8.468178
8.452553
8.457852
8.483738
8.481251
8.4498825
8.47989
8.473786
8.4493065
8.438093
8.433662
8.395826
8.351047
8.297231
8.275706
8.277503
8.250796
8.337869
8.309265
8.382885
8.316445
8.382705
8.334613
8.399721
8.423481
8.37756
8.453176
8.412003
8.489707
8.389005
8.415701
8.38084
8.375885
8.365853
8.380173
8.375171
8.408757
8.415056
8.397673
8.437923
8.345152
8.278353
8.398348
8.329415
8.330011
8.255632
8.27444
8.245137
8.266267
8.288395
8.276453
8.305466
8.27705
8.257278
8.272485
8.253802
8.289537
8.284349
8.260346
8.232672
8.233161
8.373138
8.440338
8.514799
8.522317
8.478657
8.472461
8.505036
8.431739
8.4634075
8.452907
8.459426
8.469259
8.417667
8.4617815
8.32764
8.386108
8.285411
8.274417
8.256129
8.259655
8.240879
8.246048
8.235367
8.22164
8.25906
8.204045
8.307552
8.186571
8.295072
8.194444
8.259968
8.227972
8.255524
8.2141
8.263313
8.18718
8.306015
8.170113
8.320065
8.267168
8.400259
8.256274
8.347901
8.271466
8.296322
8.281225
8.312687
8.298516
8.424088
8.33482
8.376495
8.349458
8.488111
8.357446
8.491157
8.359091
8.410155
8.239444
8.2349415
8.044791
8.193404
8.124171
8.31451
8.406876
8.5354805
8.445674
8.551662
8.453593
8.556345
8.448169
8.552178
8.403635
8.384783
8.146421
8.185317
8.085979
8.161769
8.119447
8.241145
8.171579
8.347947
8.2101965
8.363766
8.184142
8.221515
7.975299
8.03895
8.013896
8.100606
7.942548
8.028816
7.9474344
7.850632
7.968366
8.009384
7.918518
7.923876
7.9175544
7.970425
7.89284
8.012004
8.0024605
8.048205
8.003695
8.012582
7.9838014
8.130909
8.074694
8.167576
8.221139
8.201477
8.122096
8.079186
8.103346
8.123571
8.085461
8.036476
8.1219
8.15968
8.157798
8.121773
8.091705
8.179125
8.242837
8.156996
8.274878
7.9132543
7.8610506
7.6440725
7.478151
7.5015883
7.36093
7.0942645
7.124133
7.098244
7.0291505
7.026493
6.968832
6.827387
6.662883
6.3310127
6.249208
6.3901873
6.211235
6.0578375
5.7936277
5.513899
5.2180233
5.234942
5.0526686
4.852096
5.140885
4.6752267
4.612758
5.010275
5.2123613
5.7571096
5.474312
5.252281
5.1220584
5.0553923
5.495334
5.4677963
5.4251466
5.0002556
4.49401
4.8358183
5.3370347
5.401099
5.077501
5.317093
4.7859764
4.722516
4.969942
5.0349693
4.9921794
4.779152
3.9887547
4.311154
4.318457
3.9966052
4.3032465
5.1479383
5.2631946
6.155927
6.634309
6.825426
7.3573523
7.0335603
6.45477
6.063098
5.405262
5.158284
5.053881
6.357186
6.990415
7.989188
7.5137563
6.8259926
7.2497187
5.900288
6.7271214
6.665561
7.360055
7.3760147
6.888703
6.9654546
7.2056656
6.646209
6.8273087
7.137637
7.689476
8.04839
7.73745
7.792309
7.8214407
7.608075
6.4934053
7.3015614
7.5671835
7.467964
7.619912
7.2409973
6.863295
5.98412
4.644929
3.6776001
4.2195325
3.6134984
3.0309172
3.6480625
3.4520755
3.3242517
3.3541274
3.2945242
3.3873177
3.573557
3.7131057
3.5840545
3.3743181
3.6686635
3.5683382
3.554715
3.9489095
4.062733
3.9283118
4.0456824
4.148885
4.1701593
3.8991747
3.6154792
3.62923
3.3403416
3.2625515
3.2375097
3.2724056
3.1736739
3.302994
3.198316
3.2150273
3.3988771
3.472392
3.5774107
3.540564
3.121226
3.0881212
2.7676828
2.8526905
2.959129
2.8129475
2.7222774
2.7622654
2.7523587
2.841063
2.7876291
2.9428604
3.1840224
2.9750276
2.3071072
2.1274698
2.4770014
2.6783197
2.8426783
2.7233448
2.938117
2.8024313
2.968235
3.415311
3.792294
4.0232368
4.098068
4.036908
3.9358265
3.60344
3.3836954
3.4549873
3.3814733
3.3771844
3.3104703
3.4038
3.1975873
3.3503084
3.4532964
3.5162303
3.7394218
3.693872
3.8435657
3.8548586
3.7536507
4.017175
3.9135418
3.5040035
3.4205952
3.3958607
3.4166772
3.1682055
3.1463525
3.2797022
3.1756098
3.1108332
3.138679
3.1048846
3.1113844
3.1552265
3.1287594
3.1446755
3.1832733
3.0976288
3.1943972
3.1216176
3.1185746
3.16742
3.0341535
3.248622
3.1963866
3.1537952
3.0633717
3.077776
3.2616873
3.0783832
3.1022327
2.9753194
3.0015392
2.9002771
3.07981
2.9332476
3.007979
2.929314
2.8714814
2.8823833
3.0053215
2.8820891
2.6542802
2.73394
2.8726225
3.134626
2.7384987
2.616045
2.701349
2.9417295
2.773331
4.4287653
3.3061318
2.179468
2.128237
2.4486897
2.9046655
2.8722985
3.028963
2.4568214
2.4367156
2.8490922
2.8342996
2.4896717
2.310968
2.3663108
2.5409718
2.6841033
2.8698854
3.102563
3.2666264
3.1539333
3.0298567
2.7638993
2.2463646
2.0670972
2.166384
2.0170162
2.3020923
2.094147
2.2368073
2.2364042
2.197723
2.2015512
2.1374397
2.1984534
2.1201115
2.1277196
2.273791
2.2548685
2.2298234
2.1490135
2.0349784
1.9183288
1.8912926
1.7611127
1.7984909
1.9630748
1.9607879
2.0146666
2.0671034
2.0103014
2.0266979
2.0788524
2.2204192
2.2302647
2.2769191
2.1503513
2.2269182
2.3608413
2.344965
2.435857
2.4551873
2.4634678
2.5048008
2.3574202
2.5161176
2.4948187
2.5037045
2.3704379
2.550324
2.353526
2.5385282
2.3882523
2.4344428
2.5067515
2.3513386
2.436764
2.3038692
2.4334993
2.4019887
2.413044
2.2494695
2.251051
2.152146
2.2140324
2.1211197
2.1598372
2.0329168
2.1493735
2.0090091
2.1187742
1.9296212
2.0175426
1.9868431
1.9283903
1.9357862
1.8898537
1.889746
1.8719628
1.9769754
1.9822867
2.017879
2.1071172
2.0203028
2.15655
2.0650315
2.1156797
2.014416
2.0635638
2.0593977
2.0637405
2.007589
2.0717313
1.9020989
1.9843857
1.8955544
2.0292394
1.9693831
1.9200214
1.9905467
1.9374326
1.9626565
1.8757497
1.9750003
1.9222405
2.0108533
1.9310088
1.9924251
1.9199599
2.0024002
1.973716
1.9302661
1.938308
1.9669455
1.9675956
1.9185634
1.9355569
1.9101021
1.9662437
1.9963017
1.9527678
2.0061672
1.9574969
1.9372457
1.8927761
1.9958233
1.9419775
1.9936397
1.9298649
1.9737136
1.9638704
1.9412574
1.9206889
1.982573
1.9032968
2.0037441
1.9949378
1.9789732
1.965198
1.9310561
1.955561
1.9562179
1.9955885
1.9801724
1.9761711
1.9952638
2.0139465
1.9706447
1.9973767
2.028117
1.9918952
2.0745485
2.0220037
2.0320463
2.0306852
1.9803011
2.0593426
1.9519154
2.0555809
2.0966647
2.0071304
2.030679
2.1200337
2.0123084
2.1364036
2.0520601
2.1941142
2.0494535
2.1505518
2.0883431
2.2078152
2.1207833
2.1738677
2.215837
2.211023
2.1487267
2.2894123
2.2264428
2.276998
2.2990255
2.2170537
2.2978454
2.2261028
2.3244567
2.3696256
2.208881
2.3094616
2.2094483
2.3110566
2.319153
2.3061004
2.3364167
2.2600868
2.357491
2.360812
2.3144836
2.1940117
2.3920789
2.1794014
2.392122
2.3645706
2.3395457
2.3300304
2.3534935
2.276894
2.3860924
2.390568
2.4768012
2.354764
2.5452075
2.4565887
2.424415
2.4395719
2.3681943
2.303237
2.3428118
2.279745
2.2299392
2.2793593
2.2495365
2.1733656
2.2018342
2.1614504
2.2001112
2.169303
2.2357612
2.2592556
2.0986462
2.077898
2.2006624
2.1874323
2.2817674
2.2533193
2.4740586
2.5369725
2.8317971
2.8332317
3.107309
3.1417603
3.2984502
3.2892509
3.3703523
3.4120836
3.2511404
3.1995206
3.4554105
3.926787
3.7832189
3.1471863
2.9493484
2.804946
2.7000651
2.519045
2.3310704
2.3080564
2.6025822
3.6929307
4.098864
4.62981
4.835886
4.890279
4.8432174
4.5658774
4.66623
4.3479776
3.6370053
3.2987316
3.6071515
3.6305928
3.8707716
4.095791
4.09564
4.115183
3.9689045
3.5841806
3.6764898
3.3487942
3.6129193
3.9745963
3.4255366
2.841021
2.7553306
2.6900835
1.3311543
2.5064025
2.404533
2.5454683
2.416255
2.5966172
2.8384933
2.8123813
2.809735
2.977864
2.84964
2.8506143
2.882294
2.9779677
3.0675118
3.0326002
2.9399765
3.0049515
2.9358182
3.096166
3.0866027
3.1180816
3.1611888
3.1386647
3.1564386
3.1379752
3.2638645
3.1785092
3.1041203
3.1549902
3.160143
3.1792395
3.247776
3.3292444
3.2231793
3.1341121
3.324396
3.3202446
3.2876036
3.343327
3.349442
3.3779278
3.3822572
3.4012003
3.2860615
3.1160412
3.115336
3.2581954
3.2343047
3.236507
3.296672
3.3520477
3.243099
3.42417
3.3947644
3.3909311
3.3483386
3.4072757
3.3924854
3.4543269
3.4181461
3.469301
3.3165655
3.4129887
3.3112984
3.4096825
3.387363
3.379688
3.3052313
3.4283772
3.3109207
3.4154913
3.2210019
3.2961874
3.1811643
3.215589
3.2186112
3.2191458
3.1846464
3.1893013
3.2106616
3.2554777
3.313674
3.2769887
3.2612848
3.328565
3.2026448
3.239093
3.2557685
3.170277
3.19097
3.2408712
3.2597501
3.4018822
3.3062372
3.1811533
3.2684908
3.3704162
3.3394673
3.3335786
3.326384
3.2821126
3.349602
3.3375049
3.3272913
3.2694135
3.1337285
3.3456495
3.2597895
3.334625
3.2450328
3.3594003
3.337549
3.3526888
3.36621
3.314638
3.2901182
3.3078537
3.1720166
3.3287604
3.2297535
3.2335107
3.2303035
3.3634915
3.369918
3.4033823
3.3347387
3.4020667
3.3229816
3.2524724
3.299304
3.3178158
3.2345393
3.2466404
3.2549016
3.2666306
3.2220914
3.2286716
3.231736
3.201218
3.1876097
3.208515
3.2560623
3.234849
3.2385678
3.2475576
3.1144972
3.2285032
3.207646
3.0251503
3.2677255
3.2474575
3.2251976
3.2209747
3.229097
3.2186403
3.205564
3.1726327
3.2012126
3.1620085
3.166502
3.206781
3.2235167
3.2021658
3.1172204
3.208481
3.121033
3.2555666
3.26135
3.1266353
3.236605
3.0943818
3.2114902
3.260515
3.3164556
3.2860594
3.347895
3.3429506
3.3589132
3.3450332
3.3665826
3.347579
3.389627
3.3379138
3.3537009
3.3656588
3.4302776
3.4270685
3.2904525
3.2408066
3.277604
3.2703128
3.3636496
3.2531347
3.2932992
3.1645253
3.2726264
3.3346777
3.3647351
3.288694
3.209735
3.2772655
3.2339625
3.2859416
3.1233368
3.1620183
3.2878501
3.2599375
3.2103007
3.2300518
3.227202
3.1598997
3.1944046
3.0874574
3.1706893
3.2459137
3.2938886
3.2432542
3.304304
3.3058343
3.256573
3.1267896
3.1687527
3.6222734
4.4089055
3.6441722
4.0570574
4.037596
4.0977116
4.5388994
5.0066996
4.6367836
4.6994233
4.2300816
3.9296956
3.8257098
3.6503232
3.7405102
3.5200114
3.4347565
3.7872999
3.8464563
3.7971616
4.07027
4.161361
4.438856
4.3359413
3.7549047
4.1568394
3.8791628
4.2054186
3.8594403
3.9012861
4.0207014
3.8198
2.9466636
3.017043
3.7547452
4.802141
5.2545567
3.8888295
3.9870965
4.299629
3.7049382
3.4323833
3.1959698
3.2178857
3.180068
2.633693
2.6206
3.1050076
3.223984
3.2404587
3.4700584
3.5208812
3.4077353
3.3722486
3.5017357
3.3865132
3.3757389
3.4442248
3.3700316
3.4054997
3.2719235
3.3420234
3.4021993
3.453186
3.5018091
3.454899
3.6110163
3.4388819
3.5387306
3.471396
3.565319
3.3591404
3.6116567
3.6035771
3.5641463
3.5346982
3.563304
3.1924717
3.3231676
3.3191037
3.2190387
3.1542866
3.2952905
3.8999238
3.8312716
2.7814462
2.8795288
2.6697865
2.6104805
2.656546
2.5318675
2.3239675
2.285687
4.135883
4.52091
4.4282093
4.5723014
4.661027
4.6981525
4.5362597
4.4770994
4.4055924
4.4886646
4.6718955
4.559339
4.606441
4.4719725
4.529172
4.3190117
4.3286386
4.376921
4.4521704
4.4213524
4.540513
4.5443645
4.5614085
4.619481
4.621048
4.603522
4.634241
4.6127954
4.647502
4.6638513
4.5988274
4.6439238
4.580687
4.630623
4.5722256
4.5960813
4.655668
4.610769
4.605465
4.669466
4.6363535
4.7682495
4.6798735
4.7052693
4.6870575
4.77803
4.7421055
4.6633773
4.7563276
4.6739893
4.751004
4.7491603
4.7435026
4.716672
4.693208
4.742192
4.757827
4.7422385
4.763668
4.771458
4.7608757
4.7357836
4.716067
4.74441
4.7841434
4.773193
4.743646
4.787582
4.7821817
4.8182836
4.756074
4.689131
4.74159
4.777623
4.7710414
4.723833
4.793226
4.786607
4.7847342
4.7702293
4.839896
4.8351736
4.8964014
5.030329
4.9887753
4.9588594
4.9032655
4.9219947
4.868461
4.886765
4.8458962
4.870264
4.8661833
4.867019
4.9665446
4.8242702
4.884086
4.8341694
4.741171
4.7813416
4.7833138
4.7869306
4.816347
4.8245397
4.8600097
4.8534904
4.8645186
4.873898
4.9028606
4.921951
4.9068127
4.895961
4.892644
4.8851347
4.868946
4.807237
4.796508
4.8374043
4.755871
4.818089
4.8784966
4.854053
4.8477864
4.8514676
4.8576694
4.8392997
4.8065963
4.8318386
4.7482886
4.7675633
4.7552643
4.823487
4.7809105
4.8335614
4.8329453
4.756462
4.8120995
5.0611715
5.15085
5.2233624
5.345895
5.4578714
5.4501195
5.4932227
5.42122
5.436254
5.4282475
5.4696236
5.417837
5.546412
5.5476866
5.491539
5.5102816
5.4939227
5.532638
5.54473
5.5837255
5.565235
5.470361
5.4998
5.462918
5.5410647
5.614976
5.6708817
5.6606627
5.6192484
5.5826406
5.58461
5.635236
5.6121154
5.631316
5.650419
5.5661583
5.61864
5.676032
5.591449
5.6683817
5.66461
5.6902366
5.5964327
5.5844517
5.6672564
5.5579953
5.5874968
5.6391172
5.6828065
5.7230387
5.694597
5.6985626
5.8833103
5.704856
5.761954
5.8142104
5.8777494
5.858025
5.862711
5.8017244
5.9415197
5.838134
5.9178343
5.732468
6.0160327
5.7882743
5.799301
5.8211303
5.7156577
5.9473944
5.800889
5.809691
5.721784
5.794191
5.7593417
5.8497214
5.6454053
5.7846537
5.8099217
5.692922
5.708047
5.7367206
5.7010355
5.7139874
5.7635202
5.783178
5.7289467
5.798222
5.7910404
5.769599
5.7050123
5.7777667
5.7036
5.7838416
5.764558
5.7605643
5.765167
5.794275
5.696802
5.8045783
5.7704268
5.887834
5.9809146
5.917303
5.880863
5.5756083
5.699667
5.6180096
5.558623
5.3410926
5.489912
5.7070823
5.23572
4.442171
2.8399978
2.6690688
3.0342886
3.1822712
3.7944164
3.5363603
2.401727
2.5199573
2.1590843
2.2424743
2.123436
2.4501414
2.6258013
3.0488353
3.5308886
3.690085
3.7459319
3.814859
3.7464485
3.4917824
3.5762362
3.381238
3.437803
3.2656226
3.4304984
3.366864
3.6066086
3.5448217
3.5820415
3.7297773
3.6026597
3.4572823
3.2397938
2.8797908
2.3842652
2.3617222
2.5186737
2.497011
2.679365
4.702543
5.574566
5.907999
4.529994
2.7859662
3.029975
3.19287
3.8480315
3.8558323
1.6114343
1.0935081
1.2907655
2.200511
1.9877074
2.1468017
0.56815225
0.95227814
0.89550126
0.7423737
1.1000658
1.5941234
1.4552648
1.5070137
1.3390883
