10000
5.1389475
5.1390195
5.0281844
5.2145925
5.151093
5.1871386
5.124651
5.1697965
5.1731057
5.106187
5.089722
5.1032386
5.1550236
5.104663
5.155281
5.140477
5.148149
5.2429094
5.2666464
5.2171125
5.1449246
5.091857
5.268745
5.1767216
5.204071
5.2613115
5.1942973
5.1827397
5.240773
5.211996
5.2830195
5.1913195
5.213121
5.2388496
5.142761
5.244185
5.2765474
5.170316
5.231489
5.1707373
5.1801295
5.190696
5.180403
5.214481
5.1760635
5.190424
5.254492
5.214956
5.1524878
5.230456
5.2184806
5.2346916
5.0046883
4.9120507
4.8329988
4.7444677
4.9063973
4.894503
4.8713307
4.7588167
4.944063
4.8026814
4.701489
4.811517
4.6389976
4.817719
4.797102
4.801822
4.8736167
4.898211
4.8236723
4.9000087
4.763984
4.7624965
4.719349
4.707106
4.652462
4.7328815
4.6753626
4.6451144
4.7622914
4.753187
4.5894303
4.671906
4.6372437
4.686345
4.7001934
4.6508455
4.657379
4.5705676
4.574924
4.552359
4.592052
4.6410804
4.7108517
4.7580957
4.602412
4.464515
4.613304
4.681511
4.632278
4.606644
4.6080327
4.569774
4.600484
4.555618
4.602629
4.7240977
4.6342297
4.6515574
4.604603
4.6335015
4.5638714
4.498373
4.6172485
4.331444
4.353456
4.4622307
4.297999
4.211186
4.2966447
4.082582
4.116321
4.0547695
4.056179
3.9241505
3.9459496
3.7996943
3.7706351
3.7462888
3.7736642
3.8100207
3.7388642
3.6844077
3.5156324
3.59847
3.5521574
3.6734703
3.638465
3.573816
3.6497796
3.5764985
3.6936402
3.6332204
3.7062776
3.672321
3.616037
3.5092397
3.4963315
3.4985735
3.4998205
3.3981867
3.4615998
3.501822
3.4908357
3.4167678
3.3582215
3.3211658
3.1527958
3.224252
3.097834
3.220267
3.1026652
3.048316
3.0891888
3.0925584
2.9736898
2.9117851
2.700739
2.6859405
2.5659976
2.419652
2.3036857
2.255055
2.1116524
2.0622234
2.0545664
2.0127583
1.9975992
2.0416927
1.9665194
2.0453908
2.052389
1.9719485
1.9282054
1.9844286
2.0523264
2.0972638
2.047689
1.9841617
1.9453578
1.9435862
1.9989413
1.991484
1.9321816
1.9493773
1.7754896
1.7764968
1.8962916
1.7916744
1.7738389
1.6868079
1.7723057
1.6180855
1.454996
1.2516385
1.1696066
1.1099745
1.1855748
1.211094
1.2812608
1.1068679
1.019159
1.0928249
1.1713245
1.1343206
1.1429836
1.244192
1.3319726
1.5082722
1.5851147
1.7640805
1.6741226
1.8376915
1.8270324
1.8543875
1.9690061
2.1407225
2.2832098
2.371986
2.514536
3.0714383
3.022799
3.0584774
3.0526547
3.0170712
2.9816804
3.0760303
3.012527
3.0306013
3.012953
2.984602
3.0328975
3.053577
3.0392818
3.0617063
2.945238
3.051696
3.0287662
3.0308416
3.0185122
2.9573832
2.996992
3.0607402
3.0012197
3.0082684
3.1238317
2.9991171
3.036112
2.956748
3.103363
3.0368485
3.0162172
3.0331192
2.9427729
2.9866297
2.9459069
3.0541039
2.9821744
3.028486
2.981804
2.96656
2.9757917
2.9228263
2.92953
2.95335
2.9893253
2.9354365
2.9577208
2.9533777
2.9051094
2.9703507
2.9364414
2.9999225
2.9829297
3.021528
3.0089042
2.9913862
3.000128
3.1025946
2.927081
3.013994
3.1091151
3.1325502
3.1000037
3.03839
3.050242
3.1028388
3.0999792
3.040145
3.1214995
3.04375
3.0927835
2.9863176
3.0555973
3.0493681
2.9577658
2.9470048
3.037017
3.004803
2.9561157
2.9906607
3.0692978
2.954381
3.003193
2.8886747
2.844051
3.0126758
2.9608426
2.9135432
2.8917356
3.0061603
3.038649
2.900758
2.9029174
2.9292715
2.8764899
2.9755988
2.8842525
2.940957
2.9537063
2.940808
2.9771106
3.048346
2.9537513
2.9168794
2.939328
2.9209414
2.864612
2.945303
2.9447393
2.9160728
2.8770032
2.8718367
2.939207
2.9617703
2.981919
2.9505982
2.9889963
2.9548264
2.9955173
2.8976736
2.9912112
2.930529
2.9197388
2.9360797
2.9620183
2.9544687
2.982771
2.975045
2.9005535
2.913184
2.9454725
2.845716
2.8862195
2.860965
2.8767686
2.8370953
2.8246887
2.8081348
2.921979
2.7623272
2.814382
2.7815914
2.921408
2.917434
2.820335
2.8850987
2.8313856
2.918905
2.9743705
2.9460192
2.8966374
2.9273272
2.9197009
2.957928
3.0225022
2.9880347
2.9701998
2.9752383
2.9832716
3.0593722
3.0904708
2.517782
2.1254554
2.1167402
2.26725
2.2775156
2.601905
2.6356153
2.604786
2.9087737
3.0918272
2.6751754
2.603639
2.4346142
2.554304
2.5731242
2.430722
2.5322466
2.457292
2.9986815
3.1289978
3.1465185
3.1933274
3.1488693
3.1204786
3.092102
3.161419
3.0881693
3.1265244
3.0952692
3.0804296
2.1539586
2.352099
1.9121505
1.9564091
2.0679202
1.9305074
1.9596068
1.9875824
1.7461126
1.9225582
2.104314
2.1899207
2.1213393
2.297678
2.6824574
2.7963965
2.734272
2.8654099
3.10205
3.388987
3.4357271
3.535483
2.1246607
2.2353013
2.9126067
2.8999476
2.8399363
2.931143
2.2564206
2.1867585
3.015668
4.34835
4.406126
4.3924613
4.3500876
4.3131266
4.3254304
4.042058
4.1511955
4.2165837
4.2631893
4.3777256
4.351183
4.4574647
4.532606
4.586771
4.6075273
4.5117335
4.460697
4.6679673
4.6465077
4.6931014
4.725785
4.7221813
4.7003627
4.802229
4.7939334
4.903659
4.910876
4.813276
4.872708
4.7822027
4.7688313
4.819265
4.808922
4.7740183
4.83693
4.802657
4.757674
4.845811
4.854979
4.833952
4.763447
4.832251
4.848591
4.696234
4.859723
4.7426524
4.717305
4.694439
4.6913333
4.721968
4.795492
4.681733
4.813811
4.6514573
4.7750382
4.6850014
4.7705045
4.700589
4.679021
4.6721983
4.679887
4.700517
4.685857
4.702797
4.8231435
4.7065663
4.7147026
4.5190377
4.492801
4.3386717
4.2643576
4.0067964
3.9844763
3.5760758
3.343029
3.4419699
3.707793
3.6925976
3.845786
3.9284356
4.2684813
4.535851
4.606791
4.5220094
4.5261483
4.5580373
4.265811
4.3732595
4.562751
4.46696
4.5412126
4.4891434
4.5482845
4.2779083
3.9767034
4.1575503
4.0061917
3.956059
4.0450206
4.1459246
4.117753
4.204294
4.318008
4.4802737
4.5547247
4.61961
4.6102223
4.6991353
4.5922704
4.643119
4.6474786
4.6383195
4.6177425
4.6327386
4.613141
4.610586
4.6182837
4.6287055
4.6792707
4.6213374
4.669899
4.633053
4.6591763
4.6719456
4.696668
4.702459
4.702375
4.6565423
4.6851945
4.6319504
4.5897183
4.6716127
4.5800943
4.6136737
4.615072
4.618236
4.6168165
4.6390123
4.657426
4.638592
4.6182942
4.631672
4.651917
4.642883
4.632383
4.531166
4.503127
4.425735
4.4436307
4.623676
4.5891094
4.688474
4.5595655
4.521333
4.3800755
4.55089
4.386274
4.427054
4.3847632
4.41418
4.408208
4.392314
4.248285
4.0935116
3.97012
3.8913658
3.7552104
3.7996826
4.036891
4.2040586
4.2319813
4.1044173
4.026145
4.15045
4.140403
4.221719
4.203206
4.3016376
4.245595
4.1971016
4.123725
4.0095196
3.7575283
3.6903002
3.8711624
4.0537386
4.188023
4.06763
3.8725672
3.850277
4.002551
3.9349117
3.540185
3.596529
3.7368925
3.7043009
3.875619
3.393952
2.9891486
2.942932
3.0901654
3.1967235
3.2913742
3.2348814
3.2852116
3.347321
3.3310869
3.330879
3.2925162
3.3210444
3.2770126
3.2940202
3.2364535
3.257943
3.3096275
3.3160844
3.274875
3.2139754
3.2405148
3.272939
3.2638988
3.3063226
3.2582579
3.303503
3.2902594
3.2774217
3.2952266
3.2913635
3.3016195
3.3109274
3.3824635
3.3264718
3.3435802
3.356389
3.346644
3.3324285
3.3383281
3.352168
3.3437042
3.309188
3.307166
3.3040805
3.327921
3.3271446
3.2870076
3.33032
3.3342063
3.3075452
3.3377328
3.3063967
3.4588408
3.60466
3.673326
3.5267603
3.4041202
3.2032104
3.0137532
3.2764034
3.69255
3.5275865
3.3240993
2.9055197
2.4723039
1.996025
2.1133385
2.3166203
2.407224
2.4332218
2.4714046
2.548813
2.5451539
2.4805048
2.475374
2.4596364
2.6758208
2.7319245
2.7154381
2.6255946
2.6479144
2.6072297
2.4753284
2.374848
2.360291
2.52121
2.523649
2.469472
2.3836768
2.368466
2.330469
2.3458076
2.358484
2.3843608
2.462526
2.484816
2.5372183
2.5716035
2.5999012
2.5813959
2.2036276
2.1031978
2.1158922
1.9945983
2.1474411
2.9494636
2.9880147
3.0260856
3.0504162
3.0405986
2.9679353
2.9613292
2.9604573
2.9106414
2.8466823
2.8239412
2.757083
2.7153125
2.7381444
2.786912
2.7876272
2.8793693
2.9095857
2.881051
2.931199
2.6937225
2.274129
2.1500192
1.9733298
2.0146716
2.0953476
2.1222982
2.19019
2.1160202
2.2514868
2.2893534
2.146213
2.1736565
2.2754924
2.215971
2.3005264
2.415878
2.393909
2.277164
2.3301005
2.373846
2.438527
2.6962168
2.6232438
2.601167
2.4989786
2.5832396
2.6112854
2.3744512
2.3363879
2.1641188
2.2179165
1.7112483
1.7912214
2.1195145
2.3573494
2.2853417
2.396622
2.2966828
2.2595973
2.4308252
2.339603
2.461072
2.384691
2.6228154
2.556417
2.5646558
2.5321126
2.8359869
2.8114603
2.8071287
2.8681166
2.9227858
2.9209137
3.0182528
2.966589
2.9574504
2.9754698
3.0824246
2.9889157
2.92408
2.668227
2.5191221
2.4095564
2.508035
2.3949125
2.3641834
2.3331282
2.3791153
2.3188746
2.5160317
2.4183571
2.4537163
2.3276584
2.3692424
2.384023
2.3941948
2.419568
2.3052464
2.4169853
2.3361297
2.3071835
2.015074
2.156552
2.1816177
2.0721233
2.036804
2.1830916
2.266326
2.4429703
2.6444118
2.5271482
2.598702
2.7212372
2.687817
2.6235163
2.6095371
2.3255734
1.9453634
2.0341897
2.1716683
2.2050445
2.4027996
2.4172962
2.3175404
2.316946
2.4394321
2.308035
2.533279
2.426032
2.6098323
2.4200778
2.0599742
2.3352246
2.671576
2.528566
3.0043182
3.1200664
2.9957561
2.714201
2.316092
2.2805126
2.2881153
2.4062846
2.288855
2.200441
2.370198
2.6344833
3.0138297
2.999903
2.6106844
2.1236298
1.9982204
2.0209928
1.8232591
2.5374565
2.744203
2.6889899
2.5865903
2.6108391
2.8132055
2.9347124
2.7297184
2.5204587
2.3472047
2.0548992
2.8329644
2.8044043
2.8676429
2.8120804
2.679478
2.6262362
2.7455418
2.8230534
2.742011
2.5401142
2.4058502
2.9178584
2.96693
2.9244273
2.871817
2.792586
2.771837
2.980654
2.9797087
2.5683048
2.3233023
1.9834217
2.5941293
2.7352376
2.8400936
2.4767725
2.3876863
2.2407992
2.6466448
2.4061847
2.413568
2.196511
2.119128
2.1459098
2.253302
2.0215676
2.208779
2.4067378
2.7862272
2.4827313
2.5475512
2.2435148
2.6149714
2.6146138
2.1987908
2.5842357
2.70551
2.7014954
2.9206553
2.8765483
2.7359562
2.09075
2.0620534
2.3281124
2.641552
2.6173127
2.5186613
2.705621
2.6398509
2.6461165
2.715804
2.645426
3.037067
2.9836547
3.0435586
2.363369
2.1671135
2.468613
2.5417936
2.803127
2.7244596
3.2062476
2.4863062
2.4110622
2.329631
2.6006804
2.7969153
2.2602303
1.9657965
2.0471787
2.0630648
2.09512
2.1703699
2.198117
2.120585
2.433004
1.7298311
1.7772369
3.1345146
2.6095805
2.5616498
2.4868965
2.3792825
2.1428185
1.6733786
1.9085386
2.0584967
2.0214417
2.084264
2.3195434
2.236472
2.2327902
2.516646
2.2673151
2.015152
2.5630388
2.3340268
2.6450636
2.6752393
2.6340787
2.7292566
2.3310442
2.851033
2.4423094
2.8533716
3.176596
2.9026713
2.5556026
2.5637813
2.594895
2.8266277
2.2053964
1.9255949
2.0776572
2.1227224
2.0759394
2.4014118
2.4097018
2.201311
2.3611486
2.4499898
2.6162205
2.5776064
2.519791
2.6825225
2.1650681
1.949928
2.2483697
2.1307244
1.8739572
2.167489
2.4360206
2.440475
2.1367717
1.9771595
2.1598394
1.8105842
1.9238731
2.138491
2.083359
2.3884575
2.334532
2.198597
1.6241481
1.884295
1.8873285
2.2120237
2.0485425
2.485351
2.4772987
2.4391365
2.529667
3.058721
3.0322886
3.0769637
2.7568486
2.3875089
2.3833272
2.4120584
2.5263863
2.503891
2.5603087
2.541452
2.4192946
2.4943647
2.6456888
1.9529585
1.8933789
1.9417381
1.8507996
2.4135537
2.5959537
2.9183896
2.8715353
2.8929558
2.811673
3.0022123
3.193769
2.2161534
1.9944241
3.2510788
3.3068845
3.1995249
3.44343
3.0917335
3.1844916
3.1741188
3.2140849
3.3345456
3.1853528
3.2351751
3.1440115
3.0979996
3.5729713
3.4902248
3.4256034
3.349393
3.3806047
3.1794183
3.3063648
2.9850554
3.0232582
3.0625098
3.018388
3.0610688
3.1248238
3.1927254
3.028107
3.268097
3.261103
3.1060572
3.050989
2.8965888
3.194652
3.1613076
3.3240726
3.2525556
3.3802252
3.401861
3.349136
3.2971556
3.1690192
3.2299404
3.2149534
3.055309
3.3318017
3.3380914
3.2137718
3.271507
3.1819816
3.0038693
3.045354
3.0766735
3.2040644
3.3787608
3.2872767
3.0800147
3.0176415
2.9288433
3.0946746
3.246359
3.1710134
3.1920023
3.3117337
3.3174515
3.2908866
3.2647014
3.272182
3.3185148
3.316751
3.2412384
3.2617238
3.3389935
3.401973
3.3926973
3.310907
3.3875456
3.424149
3.3157277
3.5000963
3.282906
3.259325
3.1368222
3.188607
3.0800936
3.247347
3.2253942
3.254687
3.2454817
3.2751908
3.343863
3.2713327
3.3334014
3.3277082
3.3514528
3.3256624
3.508769
3.352488
3.2405238
3.40419
3.4300206
3.5038495
3.3866348
3.28542
3.5364854
3.265582
3.3014445
3.1746695
3.174693
3.130161
3.2073078
3.0952508
3.1178563
3.1321676
3.1594744
3.1244133
3.126962
3.0853772
3.0031729
2.9717133
3.0127468
3.11021
3.1524174
2.9988203
2.9437435
3.0382032
2.9010472
2.9683452
3.0142043
3.0780432
2.9861617
3.1020217
3.1002731
3.0981836
3.1545324
3.0161576
3.061476
3.088832
3.0626519
3.1411867
3.1244445
3.0768814
3.198491
3.5229282
2.1308136
2.4133642
2.5724397
2.4287586
2.5857117
2.596369
2.8511443
2.6792667
1.8651806
2.2118773
2.067062
2.0828989
2.462866
2.1386063
2.3108487
2.4202704
2.7893271
2.7521672
2.8328114
3.277686
3.16816
3.0290875
2.663237
2.590253
2.603871
2.486279
2.452224
1.870777
1.83119
1.2523869
1.2743161
2.3899038
2.8842642
2.9077086
2.7721384
2.8064053
2.638442
2.8118422
2.4872174
2.3944747
2.3851418
2.1940582
2.8783991
2.8865037
2.706977
2.8206198
2.9539075
3.049557
2.9772024
2.683145
2.135378
2.2142093
1.8014412
1.1612067
1.6106907
1.8798902
1.9906819
1.7659955
2.024468
1.8720188
1.5169795
1.3292613
1.4870108
2.2134252
1.8694063
1.853298
1.4622452
1.4690512
1.5885419
1.4913692
1.8213899
1.8143654
1.9249378
2.0049164
1.8242532
2.0272527
1.7646055
1.958308
1.9802748
1.876054
1.9379007
1.7491803
1.7591815
1.600801
1.636295
2.058173
2.2096972
2.4350774
2.5262349
2.2631965
1.8981614
2.1659057
2.1678836
2.2095554
2.1549656
2.1620038
2.1102595
1.7486569
2.5007956
2.2031887
2.318353
2.2772834
1.739971
1.8629246
2.1706562
2.5668378
2.4386458
2.5395148
2.2265606
2.257668
2.1745179
2.3133767
2.4448621
2.437941
2.3370135
2.336406
2.219487
2.2463126
2.2349684
2.2306929
2.237331
2.1985464
2.1927679
2.1851857
2.1038852
2.1766362
2.1477866
2.1126204
2.0813787
2.149107
2.1208336
2.3845654
2.279685
2.4254344
2.4047296
2.3762555
2.3778245
2.4462898
2.4164004
2.4109492
2.4889536
2.4057853
2.4024086
2.394624
2.354872
2.4292324
2.4699106
2.4395213
2.4384284
2.4676178
2.4297557
2.5444643
2.4852731
2.4855804
2.4851325
2.4254675
2.3250663
2.4971256
2.1592278
2.1899025
1.8905069
1.8312228
2.4528747
2.0287511
2.3619957
2.3847206
2.424952
2.498404
2.5315802
2.5714712
2.507039
2.5957186
2.3525145
2.2086499
2.0950255
2.322496
2.5715413
2.732473
2.739613
2.7225592
2.6601439
2.5711203
2.4564314
2.5188167
2.6157405
2.590323
2.5519998
2.5832188
2.276239
2.0789497
2.2584121
2.2777305
2.2534869
2.3270645
1.9518116
1.937073
1.9839103
2.2936974
2.4132898
2.4899216
2.425138
2.5613844
2.531724
2.571786
2.407413
2.4453874
2.4635181
2.4152706
2.4909453
2.3487782
2.3823857
2.3703022
1.6662587
1.2912331
1.2902858
1.3880475
1.3031892
1.3510886
1.5005769
1.449847
1.6752813
1.788307
1.7180077
1.5997308
1.5033821
2.126971
1.5516746
1.8199348
1.6730326
1.6596788
1.5501661
1.5912555
1.8332595
1.9268199
1.8949971
2.1905
2.1987948
2.1781993
2.2197044
2.1796188
2.1511955
