10000
10.156268
10.058726
10.066953
10.061088
10.025455
10.0563
10.095261
9.983184
9.964529
9.951048
9.899037
9.937582
9.942285
9.90214
9.966433
9.981005
9.887047
9.866301
9.981473
9.8656025
9.987339
10.05578
10.035641
9.864775
9.990867
9.9921465
9.990373
10.009909
10.133232
10.224966
10.008629
9.98597
9.848259
9.931828
10.064292
10.105284
10.062953
9.937783
9.763367
9.625543
9.396143
9.1504345
8.832905
8.668952
8.269224
7.5345316
6.651201
5.964357
5.49947
4.371992
3.6531417
3.8377964
4.078435
3.986154
4.1941633
4.8041835
5.311015
4.350076
3.5176358
3.9476295
4.9967537
5.086
4.8593707
4.002573
5.376569
4.8946323
5.201729
5.7403107
5.2544117
4.3161297
4.3600626
2.3352997
2.810732
2.9967716
3.4079373
3.886643
5.3107533
4.9523606
3.790264
3.3135917
3.3548152
3.4467337
2.8336163
2.489156
2.4923265
2.2695472
2.5095687
2.876968
3.6202497
3.958271
3.9334064
3.923152
3.6840537
3.8379931
3.6306937
3.9438558
4.3696566
4.2598076
4.326927
3.515807
2.3906765
2.4747617
1.8333197
1.9181192
1.9268807
1.8519058
2.354028
3.1110322
3.6201205
3.4709146
4.2289886
4.034796
3.8127625
3.9291108
3.50698
4.8589077
4.6719375
5.1598625
3.9164724
3.9225945
3.6069756
2.9099603
3.8841758
6.259984
4.4596515
2.2172017
3.4529433
4.8130293
4.047096
3.7866554
2.7891083
4.2048445
5.1814013
5.0370226
4.074498
3.8263369
3.8032131
5.2571054
4.430471
4.2362714
5.2748494
4.6691756
3.7461278
4.6675816
5.0274973
5.5883684
5.1355352
4.096384
4.7020893
5.9294806
6.2123485
6.4810038
6.1368737
4.938882
4.209327
5.0294085
5.610367
7.177484
6.4754567
5.079564
4.8462973
4.6752777
4.8713098
5.5296264
6.5536604
5.8800707
4.8483496
3.9471986
4.7392683
4.1975026
3.793805
4.8272495
4.5496063
3.8605196
3.705533
5.4024315
6.343081
4.9940157
4.9885197
5.0446877
4.861259
4.6667895
4.6196637
4.6810102
5.076343
4.8039603
4.1824656
4.1864367
3.8652725
4.156335
4.4422216
5.305733
6.275208
6.8843174
5.7478013
4.8744893
4.2079277
4.56908
5.536749
6.943074
7.0638056
6.7527733
5.750014
5.08653
4.580441
5.5044312
6.30849
6.7281046
6.1391034
5.9742966
4.2188773
3.566097
3.7899036
5.2291436
5.3137894
5.2831
5.1847982
4.6689196
4.8587155
4.113349
3.9637039
3.9791205
3.8334603
3.890519
3.9103966
3.285542
3.616363
3.3133879
3.449748
3.8929157
3.9466703
4.106687
4.2305512
4.05937
3.9593737
3.8488154
4.164216
4.396042
4.864683
5.396468
4.1125193
3.7498276
4.026448
3.8588493
4.0145946
3.9012625
3.3387868
2.7044318
2.8765473
4.1725025
3.5726566
3.3029618
3.6034257
3.6997056
3.7176297
3.4972076
3.775495
3.139315
3.5840034
3.826537
3.3426437
2.9946053
3.4739764
3.2353785
3.6700678
3.2081923
4.086341
4.275729
4.1597075
4.216615
3.4224162
3.195413
3.12655
3.127758
3.631333
3.8304188
3.9905207
3.8143358
3.7579823
3.4209943
4.329626
4.443293
3.7924988
3.6936483
3.615629
3.7853606
3.0035615
3.1723065
3.7548451
4.165864
4.7169094
4.894308
4.14349
4.4486723
5.171028
4.7414956
4.0081444
4.1295233
4.487651
3.4464736
3.3155308
3.239225
2.5083864
2.8272226
3.3726125
2.8918118
2.4338048
2.7878406
4.3771715
4.4562616
3.624024
3.4174771
3.3572435
3.7709095
3.542584
3.5068822
3.287243
3.2702308
3.0342805
3.0856783
3.4656487
3.5202527
3.1624818
3.2500799
3.6721675
3.886693
3.7683363
2.8434763
3.3882837
3.616158
3.0165174
3.051486
3.4542954
2.925979
2.7489653
3.0291817
2.8487806
2.8693235
2.8174787
2.7759814
2.859993
2.9436965
3.1351032
3.2372165
3.5305288
3.482177
3.4639618
3.6689925
3.8359451
3.8446817
3.7642584
3.1537871
3.0289311
3.3493748
3.6190777
2.97379
2.9018044
1.8953702
1.6551418
1.7119046
2.4746182
2.883635
2.4131963
2.4291532
2.3794098
2.7249513
2.387067
1.5176331
1.423039
1.4123403
1.3988428
1.3825084
1.3244219
1.413667
1.4281522
1.3461522
1.5512314
1.4301976
1.3518219
1.4291445
1.3630807
1.3476242
1.3766993
1.4287022
1.4215939
1.434377
1.3913647
1.4031281
1.3691542
1.414008
1.3078973
1.37832
1.3346709
1.8049061
1.9705127
1.8899457
2.3053463
1.4611999
1.3747863
1.3922607
1.4797916
1.580178
1.5480027
1.5393398
1.6183378
1.7715532
2.5214803
5.3218455
6.386946
6.2988877
6.485051
5.670302
3.588227
3.3259356
2.9946084
1.9924792
1.4343094
1.443941
1.3238356
1.2628409
1.3208208
1.454433
1.6059057
2.679116
2.4487057
2.4705744
2.813216
3.5913262
3.3822935
3.4900641
3.6345687
3.5167265
3.0274606
2.58033
3.5741405
3.8811991
4.016853
4.032112
4.9178348
4.704254
4.5193734
4.4413576
4.315385
4.036548
4.8982973
4.7358637
4.857903
4.757018
3.5809212
3.978474
3.4575644
3.8479972
3.804068
4.183627
3.8133416
5.0240207
4.8340006
4.8136287
5.0713444
5.27888
5.4199486
5.1980925
5.1017165
5.26148
4.967451
4.4300175
3.147991
3.5480914
3.1578214
2.9826164
3.1078649
2.9884992
2.9673135
3.17739
3.1548085
3.1033711
3.215651
3.1111364
3.1073103
3.1447175
3.0088713
3.2232103
3.0472357
3.0374656
3.252939
3.3945587
3.380927
3.46165
3.7217894
3.6168745
3.207111
3.595923
3.2410617
3.320119
3.2868526
3.2491994
3.1599023
3.3638234
3.3565445
3.3805723
2.6434639
3.4186873
5.0529695
4.5062675
4.44265
5.012461
4.949633
4.961817
4.6478677
5.0521984
3.1594687
3.9476924
2.2631702
2.267229
1.886103
0.42301422
0.3933131
0.5288912
0.5175339
0.5674823
0.55519176
0.54084444
0.47594234
0.45330358
0.43241644
0.45829704
0.7916601
0.447169
0.43609825
0.47510612
0.41358212
0.42332822
0.44331676
0.5495787
0.5114283
0.5298737
0.49839368
0.48216093
0.5035713
0.50147235
0.52271515
0.4903497
0.75108325
2.1487377
2.7870278
2.8044486
2.836566
2.835317
2.7784708
2.8970454
2.893069
2.7273319
2.862066
2.8204823
2.8007643
2.7606678
2.632635
2.3767595
2.1245375
2.3054383
2.4990647
2.4885728
2.5195255
2.5157754
2.5974076
2.6754131
2.471556
2.6695423
2.9274077
2.7874603
2.227775
2.1181197
2.5234325
2.606121
2.4417038
2.3446958
2.24576
2.223652
2.2499406
2.1720984
3.823314
4.1862397
4.0568957
3.2638283
2.992251
2.858951
1.997578
2.5723777
2.3967648
2.2726026
2.7493606
2.6449893
2.8894773
2.5583816
2.6852753
2.6873784
2.701412
3.3982031
3.684596
3.3180094
3.2187467
3.5282373
3.8872821
4.1421685
4.182078
4.100412
4.0561876
4.1547503
3.834231
3.867517
3.8720288
3.9677138
3.8844059
3.8443544
3.8423595
3.760417
3.8157036
3.7608054
3.732707
3.7656205
3.8401408
3.905497
3.7483366
3.6543317
3.7744153
3.8260815
3.7903066
3.933137
3.8237603
3.7801678
3.5490253
3.672336
3.5030956
3.5411243
3.6626887
3.5683367
3.447993
3.6359034
3.6710014
3.6402903
3.5631151
3.7658591
3.5429277
3.771649
3.6109457
3.7055297
3.781544
3.605414
3.6631885
3.654302
3.7176216
3.8276448
3.605588
3.7033072
3.6390314
3.6046019
3.7565029
3.646174
3.6151667
3.7124765
3.7346277
3.6081314
3.7279558
3.5945601
3.6196961
3.5696042
3.5196357
3.6679835
3.5652406
3.5257187
3.4372585
3.4692135
3.631334
3.6363072
3.5987701
3.4400377
3.5599658
3.4581382
3.6848328
3.6660233
3.7391386
3.761667
3.992226
4.314344
4.431047
4.391716
4.445871
4.552653
4.0256834
3.8034563
3.760927
3.7230144
3.3749666
3.1021123
2.9419794
2.667979
2.6320293
2.7755303
3.17759
3.3397748
3.671045
3.1459517
3.38474
3.3075767
3.2365422
2.7593803
2.8969564
2.5704598
3.031245
3.149059
3.6260238
3.898724
4.0210195
4.201363
3.70085
3.0952537
3.218015
4.051074
4.4298754
3.5568554
2.1688619
4.6942844
5.03468
4.7602987
4.03827
3.9492779
4.510095
4.6391296
4.947567
4.93089
3.7099352
3.107451
3.4964907
3.7361548
3.833446
4.388905
3.5743337
3.222488
2.8595238
3.2373137
3.399867
3.114162
3.2997034
4.0676055
3.9781184
4.0075083
4.5223885
3.6519408
3.5829172
3.3394547
3.2535791
3.863441
3.0290473
2.987613
2.8116903
3.0780873
3.1371536
2.800974
3.0627396
4.372115
4.0503507
3.2146156
3.599205
3.238328
3.6629074
3.0426002
3.667821
3.194558
3.3895378
3.2718656
3.4776196
3.8096042
3.7873867
4.203256
4.3406925
4.486992
5.159778
5.0886354
3.0811749
5.0803523
6.0754704
6.4682674
6.5188713
6.3168397
4.946968
3.2925131
2.315815
2.465827
2.3675044
2.3450222
2.3554
2.68522
3.2500138
3.7604191
3.6899085
3.5767262
3.6047933
3.5633
3.4744754
3.6377566
3.725688
3.752759
3.7580929
3.782464
3.7798018
3.5092242
3.7220259
3.7210135
3.7178874
3.728915
4.002595
4.0391903
4.0594
4.3267813
4.0889916
4.219605
4.156614
4.3044953
4.197105
4.112701
4.1157084
3.9890075
3.968962
4.079225
3.971157
4.2477393
4.183237
4.2364264
4.1893783
4.219536
4.1309643
4.0733624
4.127913
4.2951574
3.9805677
3.9632227
4.146339
4.190512
4.141116
4.053969
4.179293
4.3145914
4.5141134
4.3037224
4.485707
4.5873327
4.571085
4.4434996
4.4784184
4.2832494
4.3556814
4.376359
4.320212
4.357019
4.1482267
4.2961636
4.316904
4.3186903
4.4305344
4.417243
4.455726
4.5143523
4.440318
4.604748
4.249932
3.9782867
3.919301
3.8327684
4.252912
3.9497447
3.9348478
3.7131011
3.2971585
3.4629471
3.1082585
2.9839866
3.2702296
3.345285
4.1195865
3.895588
3.4327621
3.6444025
4.156708
4.7445126
4.24397
1.8974277
1.8906208
1.9881272
1.9798151
1.972845
2.282312
2.3434486
2.617371
2.6210868
2.7543914
2.7787611
2.7489827
2.7507312
3.2461855
2.9873946
3.288857
3.0316253
3.0764248
2.832264
3.033092
3.0598347
2.7816422
2.9510114
2.869131
3.021275
3.095742
2.9878411
2.894983
3.064203
3.0776289
2.8264382
2.6409934
3.0177042
2.814279
2.7394252
2.6309714
2.593832
2.6696854
2.5306838
2.6740232
2.5600815
2.6332936
2.7903774
2.6058395
2.6509264
2.4115229
2.7780924
2.6699235
2.5802667
2.6582677
2.6772373
2.7053876
2.5844815
2.67492
2.510444
2.6477714
2.640946
2.815234
2.8472981
2.810377
2.7756858
2.3861895
2.510847
2.3179893
2.5175931
2.4891815
2.713906
2.641099
2.792101
2.7120104
2.767846
2.9080188
2.9036684
2.8994398
3.1601212
3.195104
2.9607759
2.9489172
2.8820791
2.9502149
3.1303306
2.839791
3.0294034
3.003333
2.9168963
2.8528244
2.8313003
3.1111565
3.1107316
3.0161068
2.9251447
2.8574314
2.8604698
2.8720794
3.0047226
3.0253053
2.9506032
3.013129
3.0196137
3.1072998
2.873695
2.9398844
3.0259874
2.8953953
3.02169
3.204445
3.0080092
2.9866986
2.8975332
2.8672307
3.0237658
3.0099375
3.0207298
2.9535534
2.9585075
2.9548237
2.9874876
2.9942791
3.0793152
3.054121
3.0128467
3.151395
3.0611622
3.1479397
3.0624714
3.1150427
3.1335523
3.0588453
2.925484
3.0429778
3.0067058
3.1672654
3.0780091
2.860822
3.0170858
2.6955667
3.005985
2.978088
3.003734
3.0008168
2.874292
2.8363128
2.7709517
2.9081914
2.8243299
2.7938225
2.7151992
2.6798646
2.9307294
3.2332969
2.6944127
3.1214323
2.8320613
2.8807175
2.9940283
2.775939
2.8534622
2.8541427
2.878092
2.8604918
2.929904
2.9307098
2.9906666
3.208283
3.1574442
3.4424791
3.1008
3.481882
3.3788207
3.2015316
3.3177252
3.3333693
3.6565094
3.5933099
3.5748866
3.4770525
3.3608832
3.5965085
3.6221611
3.823143
3.5485306
3.448334
3.5109355
3.54
3.5150752
3.689681
3.8146257
3.8670125
3.6630251
3.6227593
3.626349
3.5753143
3.4402637
3.4338415
3.6771188
3.3915453
3.518235
3.6960263
3.4061203
3.7510486
3.5702322
3.486096
3.575396
3.5855927
3.5792158
3.694975
3.6089132
3.4009216
3.5360665
3.4559329
3.6110895
3.4478116
3.4560199
3.7253137
3.5959847
3.7781587
3.4613504
3.7250767
3.5982575
3.4176722
3.7365594
3.5426152
3.7171865
3.5692773
3.492043
3.6736097
3.6708596
3.4772823
3.4607015
3.5017452
3.4974356
3.5353546
3.5031888
3.6288073
3.5220394
3.3572874
3.594422
3.500786
3.522336
3.5830662
3.5088825
3.354058
3.4200623
3.4119928
3.4454849
3.695448
3.492571
3.6400726
3.5855596
3.7270992
3.5805383
3.4135003
3.7571688
3.7016366
3.5839322
3.485068
3.5965343
3.8127713
3.5636086
3.536588
3.6461453
3.3882775
3.412562
3.3015306
3.5388424
3.453715
3.47272
3.4844382
3.4868479
3.1170735
3.086394
3.2121272
3.1034672
3.3070877
3.0793278
3.7437904
3.5415924
3.3555152
3.3402398
3.618406
3.2804737
3.4729118
3.3624234
3.206387
3.2764306
3.400973
3.5710812
3.5394897
3.6197221
3.5565834
3.3821414
3.6546288
3.0585132
3.0153728
2.6474457
3.1795974
2.735934
3.3678038
3.4481688
3.1225615
3.2952905
3.0803318
3.7357783
4.1083255
3.9764395
3.4221692
3.159451
3.526311
3.9873948
3.9692607
4.076252
2.6484196
3.6398096
3.8478649
3.9741287
3.917675
4.053563
4.124054
4.104664
3.7964582
3.9147563
3.8789678
3.670748
3.5430925
3.4796896
3.5877683
3.429042
3.4775863
4.347
5.749507
5.883612
5.513428
4.40015
4.6744685
5.392296
5.9948378
5.617022
3.9763367
2.6066892
3.1300654
3.4198482
3.1015728
3.299201
3.6428866
3.276374
3.2765067
2.6926925
2.9101672
2.0063925
2.0082932
2.0150125
2.2088535
2.4222784
1.9644706
1.4201796
1.0696228
1.111958
1.1442566
1.024924
1.0994527
0.9477531
1.0489147
0.91743815
0.9447751
0.98273814
1.0473418
1.4478874
2.7540298
4.379695
6.0676565
6.0799356
5.8912587
5.363981
4.5631313
4.6051173
5.1147723
5.024965
4.6807184
4.8217344
4.579834
4.5460415
4.727679
4.454437
4.5015507
4.6439905
4.9582763
4.6658397
4.4340763
3.6917765
3.5308685
4.0134735
4.6022406
5.4479523
3.5543177
4.2953377
4.750462
3.9233985
3.828414
4.479451
4.5665655
4.4023266
4.2746844
4.100171
3.633812
3.6050608
3.4098537
3.8230445
3.7646918
3.9013638
3.9311414
3.8080757
3.8089967
4.0270433
3.8926828
3.4564824
3.0888252
3.3484297
4.855198
4.8475285
4.7317867
4.088031
3.8059506
3.9891584
3.6946394
5.123892
4.9883814
5.1826468
5.511284
4.256601
3.5041637
3.828667
4.547261
4.7309012
5.3198204
5.552472
5.2776794
5.4774065
4.8846455
4.4550796
4.8392735
4.8432636
3.8095725
3.4534488
4.341736
4.1151857
3.8819368
3.236503
2.6395528
2.7942388
3.1186166
2.517544
2.7560053
2.6626904
2.7090716
2.6958249
2.6339626
2.6458368
3.219125
4.698633
5.22282
3.8469634
4.54235
3.9170778
3.1757312
3.8388538
4.5084596
4.2475824
3.5473335
4.0264654
3.7102697
3.8320606
4.433613
4.589773
4.0955873
3.6341112
4.7140393
4.9786854
3.6506765
4.889226
3.8545265
3.6580336
3.4367154
5.0386195
5.060988
3.3231401
3.339324
3.2151804
3.1687334
3.3128848
3.3844433
3.318876
3.401023
3.3398244
3.5239527
3.3223546
3.4668248
3.6111772
3.542827
3.714374
3.6420636
3.6156607
3.4986937
3.5034585
3.523141
3.6332011
3.3365955
3.4042013
3.2623258
3.209317
3.3855295
3.66378
3.9743295
3.7630954
2.9409401
2.9211967
3.4651499
3.618832
3.2917697
3.2872581
3.8284311
4.017033
4.120691
3.473013
1.0901557
1.1055472
1.1338792
1.1225715
1.1694334
1.2249353
1.2390395
1.2735066
1.3448851
1.3507509
1.4191015
1.4612682
1.3772185
1.2963967
1.1909682
1.2192268
1.2185484
1.2193627
1.2179354
1.2265713
1.2676737
1.7966764
2.9542232
2.5954127
2.7300353
2.9837737
3.0130696
3.7017972
3.6906233
2.0698953
1.829183
1.905398
2.088819
1.9026188
2.067555
2.250793
2.0677733
1.5542165
1.146938
1.0642226
1.0950581
1.1353034
1.1238861
1.1413008
1.1886305
1.3198125
1.3353072
1.5292385
1.4961979
1.669691
1.5957876
1.6753097
1.5629983
1.528859
1.5005281
1.4704734
1.3343546
1.2456405
1.2402601
1.2912558
1.300463
1.195269
1.0915964
1.0710888
1.0246199
1.2039816
1.1857386
1.1360067
1.1106429
1.1638541
1.1807971
1.245651
1.8409452
2.1430666
2.3565085
2.2716765
1.8649752
1.499452
1.7820313
1.1533438
1.0660094
1.866398
1.9875257
2.8428228
3.4116235
4.1389594
1.1095577
2.6923428
2.216919
2.3368773
2.5724485
1.0600759
1.0685139
1.0503342
1.0127406
1.113274
1.0703373
1.1279786
1.0858303
1.0674762
1.075972
1.0509582
1.1303446
1.382458
1.5447098
1.8154821
1.8244401
2.1942794
2.2075236
2.2256079
2.2231278
2.812324
3.5922036
3.45746
2.6403196
1.873924
1.8032616
1.3782878
2.0835135
2.017586
1.8561077
1.7932686
1.8093617
2.281421
2.82596
2.8585548
2.9624813
3.734488
4.2242064
4.1762233
2.9986312
2.2834384
2.390036
2.7536712
3.150828
2.8151765
3.1179044
2.6767762
1.8703365
2.135146
2.776907
2.8897831
3.1809075
4.0308557
3.7736018
3.7983687
3.3015065
2.4939024
1.894644
1.9492515
5.5137486
5.650599
5.5688906
5.6548014
5.6818275
5.646603
6.1665616
6.233407
6.105488
5.977457
5.2229342
3.6380093
2.9132426
2.3844757
1.4359088
2.235207
2.5914671
2.5633857
2.4139037
2.8147883
3.374894
2.5834384
2.6253402
2.3963263
2.3617144
2.4809194
3.6257377
3.8984237
3.882615
4.301728
4.420516
4.444308
4.8888655
4.8985276
4.4467945
3.1361105
1.9298432
3.171145
3.6195223
3.9798014
4.6243696
3.068097
3.341779
3.270526
3.1929183
3.4912763
3.3339767
3.2954752
4.0197563
3.1218815
3.4429848
3.833559
4.4183555
4.5736127
4.813791
4.706468
4.0477657
2.5505278
1.9653543
2.0715969
4.4430737
4.6157
4.6631427
4.455851
4.6129627
4.6093554
4.036324
3.9023936
3.7591875
3.4312148
2.4539866
2.846659
2.8832579
2.5854433
2.748082
2.420602
2.586217
2.6892347
3.0816934
3.2786376
3.4323008
3.7150335
4.466588
3.824981
3.2780774
3.2274656
3.316866
2.5822647
2.5405831
2.7133257
2.888735
3.1731653
2.8437166
2.9592407
2.9454906
2.6540656
2.1543877
2.6652117
2.6122088
2.6337314
3.2414265
3.4707968
3.5031452
3.3050842
3.0900648
3.2177398
2.9631205
2.955944
1.1788679
6.2551455
6.941198
6.769131
6.860668
6.8161435
6.863285
5.1638823
3.0499938
1.4792453
2.2369328
2.6382957
3.286166
3.380894
3.1108065
2.793539
3.2246604
3.2421944
3.2385519
3.389368
3.2003908
3.3002694
3.2107365
3.2680576
3.1417902
3.0108898
3.096466
3.1919985
3.195559
3.2765877
3.4004498
3.4703171
3.7817023
4.027734
3.561908
3.5278993
3.3631482
3.188991
2.6406941
2.1754928
2.231427
2.711042
1.7511439
1.7178109
1.4002291
1.4867995
1.3058293
1.2252853
1.2183475
1.3591863
1.3094759
1.2531806
1.1755426
1.1993601
1.1220033
1.1007595
1.2692704
2.709438
3.4083436
2.4120624
2.7464964
3.123142
3.1753912
3.195232
3.3029158
3.2947068
2.9707766
2.6993716
2.4831667
2.850827
2.2088037
2.2828557
2.4742162
2.812303
3.022071
3.427635
3.393195
3.4144564
3.3552318
3.380275
3.4071167
3.4665341
3.545866
3.1544518
3.126349
3.2438276
3.492603
3.5203974
3.508872
4.666922
3.3455362
2.8852487
2.5261726
2.0078902
1.8271966
2.8410528
2.6485114
2.268977
2.6514802
2.577928
3.2178118
3.4378533
3.499541
3.544744
3.8922496
3.820681
3.565609
3.431045
3.794197
3.523046
3.584539
3.362483
2.6972897
2.0510993
2.2536814
2.2094882
2.2539015
2.1588688
2.0904934
1.5925272
2.1512387
2.141779
2.36234
2.294906
2.3985336
2.2603047
2.6221828
2.8781357
3.016727
3.3212671
3.0084105
3.0875106
3.3144126
3.22815
3.3109775
3.2372196
3.225451
3.2843745
3.2980537
3.3574247
3.533722
3.6947207
3.352747
3.6519907
3.7081995
3.8042717
3.8687634
3.8350563
3.899962
3.939402
3.8244286
4.011937
3.859786
3.7467675
4.0608296
3.9218292
3.7997847
3.655729
3.7105994
3.6214118
3.6056676
3.3309448
