10000
8.851253
8.706132
8.68597
8.777188
8.732116
8.608468
8.645036
8.58734
8.544391
8.197607
8.051714
7.809586
7.999903
7.995865
7.782754
8.088656
8.06632
7.6870894
7.300668
7.2119513
7.10421
7.1560645
7.2407417
7.646029
7.723392
7.983245
8.171357
8.330762
8.183052
8.145473
8.275828
8.11967
8.048777
7.8294306
7.9825945
8.243709
8.281987
8.063135
8.14825
8.103981
8.233059
8.132228
7.995799
7.97167
7.582512
7.65467
7.6266704
7.937797
8.374262
8.347679
8.230072
8.089749
8.135331
8.385316
8.426289
8.499561
8.549294
8.367847
8.395484
8.193283
8.108818
8.296946
8.071793
8.084263
7.6676188
7.827479
7.6924953
7.82449
7.7081165
7.9834447
8.204027
8.138638
8.189332
8.274324
7.92817
8.279177
8.571637
8.563184
8.426595
8.279218
8.297515
8.392159
8.189753
8.225504
8.026101
8.116223
8.218504
7.6852846
7.7391744
7.547434
7.687611
7.9617257
8.358667
8.2307415
8.510767
8.186505
7.769877
8.358397
8.158451
7.737766
7.766202
7.6677527
7.682916
7.0978994
6.6059117
6.1657457
6.3327594
5.9560313
5.3985734
5.6465936
6.0810366
5.7124414
5.4962015
5.0343447
4.7007475
4.3860335
4.5397205
5.062861
5.371168
6.2211223
6.419052
6.158319
5.735371
5.238889
5.4804196
5.677278
5.4124074
5.773625
5.687385
5.5782475
5.5581155
5.163584
4.607332
4.6128597
4.1449447
3.6437569
3.5640545
3.852628
3.9667158
3.376249
3.2040143
3.3496618
3.5476556
3.59281
3.3624797
3.4818227
3.411996
3.4709923
3.4902992
3.5993764
3.5057364
3.565013
3.5796442
3.6187506
3.4690604
3.5303571
3.6161199
3.4832695
3.7277837
3.7242098
3.6268632
3.8250535
3.722349
3.8711605
3.7328966
3.7005732
3.7156982
3.7978604
3.8005793
3.6291285
3.8405266
3.8402653
3.550334
3.9157755
3.889861
3.8547723
3.8627062
3.743464
3.7607126
3.6577291
3.8590858
3.8053842
3.7906742
3.7589352
3.7819788
3.8935723
3.7489429
3.6707587
3.7916389
4.042678
3.8419833
3.927946
3.742434
3.903484
3.8169174
4.0756044
4.1932135
3.9816675
3.9358947
3.8497071
3.9949453
4.1651897
3.789252
3.700627
3.7970984
3.9499574
3.9421337
3.7047567
3.7285442
3.7420068
3.837182
3.6814501
3.680484
3.8690362
3.7735677
3.6471243
3.8004365
3.497581
3.8654294
3.6486335
3.5616126
3.705108
3.6468534
3.603383
3.6124492
3.6257036
3.547528
3.8316064
3.5289485
3.4288404
3.40575
3.3019645
3.158153
3.1212363
3.1905785
3.12234
2.875023
2.8528821
2.787753
2.893772
3.0094438
3.279507
3.2632682
3.3483768
3.2870235
3.385837
3.4421842
3.6023846
3.6013145
3.812865
3.6853366
3.8129435
3.5861948
3.4844103
3.593397
3.3868594
3.6001315
3.5116768
3.1718168
3.2651181
3.1404643
3.260652
3.4859731
3.4771438
3.4119663
3.294774
2.9394011
2.9372222
2.7626774
2.9882612
2.7937083
2.9056895
2.720091
2.9878175
3.3233821
3.5793023
3.3312104
3.0818043
3.3698092
3.23811
3.640622
3.4594324
2.932638
2.5165112
2.129653
2.149736
2.7279086
2.5591652
2.9128292
2.9857378
3.3956888
3.0696
2.1530764
2.7207522
2.5869968
2.642274
2.6351104
2.7189145
2.3662086
2.649432
2.9427845
3.2786148
3.305255
2.7684584
2.9333322
3.0013943
2.5230224
3.0564573
3.8172932
3.3193521
2.2758381
2.392529
1.232401
1.6058904
2.4846838
2.6573713
1.9850887
0.6534087
0.644929
2.2914622
2.5874152
2.839168
2.9168699
2.8705215
2.9233747
2.876671
2.4832764
2.6838796
2.8936543
2.981523
2.8384972
2.635389
2.6089668
2.446158
2.3694327
2.6283102
2.9377375
2.8857322
2.839958
2.9030445
3.3050637
3.873201
3.3283167
3.2933095
2.8444676
2.9573965
2.4170034
2.819919
2.8179336
3.705179
3.740126
3.6648283
3.3447328
3.276903
4.1368065
3.9216268
3.1842318
2.605555
2.5025802
2.2261722
2.7685673
2.6832254
2.9143374
2.6129346
2.10085
2.528086
2.7370706
2.9314291
2.9787843
3.1255777
3.0273829
2.8836331
2.767543
3.3817153
3.2428675
2.2885334
2.0801322
2.0995264
1.7873657
1.8440037
2.0530872
2.1437926
2.2751114
2.4298022
2.034777
2.7833707
3.2002113
3.1381655
3.4508207
3.0087163
2.8384836
2.719489
2.5376387
2.5767384
2.3081105
2.3385127
2.6283278
2.686454
3.2795296
2.395645
2.290566
2.3286176
2.689805
2.4516292
2.9140153
3.4178057
3.0251594
2.668361
2.4391775
2.0881722
2.0935333
2.4805453
2.3648245
2.4527082
2.4196029
2.2260215
2.7446997
2.533339
2.4510744
2.5789468
2.7202299
2.926661
2.6787372
2.4033723
2.3869615
2.840252
3.0717297
2.9131792
2.72521
2.8441894
2.3474033
2.3127947
2.7710938
2.7922473
2.7287798
3.0897138
2.9517705
3.033398
3.2852864
2.9798381
2.1450808
2.052928
2.2851243
2.4201372
3.1395004
3.7511
3.4033751
2.8465693
2.3401847
2.3553603
2.7644165
2.8728855
2.4642012
2.5992475
2.8562021
2.082164
2.783133
2.4561312
2.564331
3.2113342
2.9089293
2.5655813
2.3230925
2.2033334
2.4315083
3.0760067
3.0343904
3.0430589
3.1982229
2.7986462
2.3026125
2.9260185
2.7291768
3.0266051
3.9762087
3.5120559
3.1309502
3.1290991
2.8291693
3.246529
2.8326712
2.9458299
3.3873427
3.237541
3.353289
2.9154139
2.8767335
3.232071
3.616226
2.9464638
2.3988106
2.0336015
2.263865
2.4252985
2.1400414
2.2266893
1.9848219
2.4818683
2.4551578
2.0413232
2.6669848
2.4416955
2.3986938
2.596091
2.4909167
1.8993592
2.118973
2.4179604
2.4114702
1.5643866
1.8433625
1.78328
2.5082421
2.5469046
1.6711776
2.5498908
1.964425
2.3407965
2.1978536
2.0996397
1.0484174
1.402783
2.1449854
2.607996
2.5739229
2.9038513
2.4838648
1.9525999
2.7654963
2.7587104
3.067436
2.828527
2.2199125
1.9355572
1.8468996
2.062572
2.3812
1.557089
1.9996741
1.9852964
1.4030423
1.8293709
1.7339203
2.1460009
1.7653689
1.4289616
2.1205199
2.0493698
2.5642729
2.1905105
2.2457542
2.6090236
1.8480856
1.8722911
2.248853
2.2045894
2.2685452
2.196299
2.3554397
2.458922
2.8891542
3.0055606
3.1413274
3.3081474
2.8534043
2.7984412
2.113663
1.7995179
1.7360442
2.010319
1.8903486
1.9934777
2.220873
2.2226331
2.4887123
2.3130667
2.5631511
2.4604845
2.196714
2.3532124
2.1067724
2.6853917
2.64629
2.9520342
2.3336792
2.356059
2.5264723
2.3335538
2.9105048
3.0272179
3.4136634
3.2751877
3.2021973
3.481657
2.4257665
2.1905098
2.3418329
2.3137379
2.8441107
2.6466126
1.442334
1.658641
1.2279439
1.3918703
1.9612834
1.7666302
1.4874135
1.7106234
2.2624655
2.4243817
2.4446526
2.480254
2.373537
2.1507862
1.6188431
1.9477466
1.7982218
1.6551292
1.8800771
2.1497645
2.4133108
2.345532
3.0968542
2.6115344
1.6936818
1.2519174
1.5933542
1.8255268
2.4812717
2.2797728
2.6928465
3.0282254
3.0964925
2.1991026
3.0229063
2.9461493
3.1705735
2.5297332
2.2260203
2.5721698
2.5211236
2.4986894
2.0020804
2.5735457
3.0259318
3.1757822
2.7285028
2.4161959
2.0352576
1.8469197
2.2890072
2.524485
2.1753898
1.6884654
1.8603514
2.2899356
2.1697912
1.614804
1.748625
1.5975132
1.4453471
2.0269122
2.025717
2.6259146
1.4386944
1.5234159
1.7413627
1.7894964
1.8716843
1.7561892
2.0831068
2.1088204
1.7059944
2.035529
2.2522495
2.1938176
2.4725177
2.5371184
2.4293523
2.565693
2.0855083
3.019301
3.1988564
3.1216958
1.7913914
1.675493
1.7015483
1.751072
1.8374003
1.7675157
2.7225287
3.2020812
2.8026168
3.4222708
3.3161647
2.229287
1.4121501
1.9021448
1.9965415
1.8791531
1.9925387
2.0997624
1.9587495
2.1211457
2.082767
2.0793567
2.1499076
1.8743191
1.7858664
1.6513612
2.0818129
1.9142206
1.6259321
2.019867
2.3274508
2.814952
1.9955397
1.1689416
0.8857686
1.5403408
1.9184833
1.641428
1.7008611
1.4330022
1.6247582
2.2024736
2.4716136
2.495809
1.72865
2.1715407
1.7490762
1.4655915
1.5540042
1.5800623
1.6218262
1.506861
1.5056105
1.8459474
2.065516
2.101932
2.3134236
2.2108126
1.5953289
1.4835944
1.8648365
2.0844305
1.9209278
1.7679904
1.3207784
1.6027772
1.6410757
1.8500706
2.1856563
2.2696102
2.290667
2.332971
2.017158
2.1845965
2.4324725
2.6719427
2.6445522
2.5405362
2.5990906
2.7204432
2.6048985
2.6834385
1.5541546
1.8226668
1.878027
1.9550661
2.0975208
2.1310654
1.9662768
2.1052344
2.2471287
2.5593932
1.9439905
1.3084188
1.3225781
1.7521304
1.838218
1.4882854
2.22446
2.737773
2.500634
1.7938042
1.8672432
1.9148666
1.8049186
2.0259936
2.0175781
1.851212
2.2263746
1.5354706
1.5102246
1.7789994
2.1773052
2.1887746
2.0174022
2.393513
3.337272
3.2371414
2.9936466
2.5105407
2.0945466
2.021265
2.0823295
1.1731722
0.70718515
0.92012906
0.97276217
0.9507561
0.96805793
1.3348899
1.4037926
1.5957199
1.3212202
2.125523
2.9360054
3.179759
3.435056
3.206229
3.2670803
3.0245929
3.039359
2.9901886
2.643334
2.734261
2.538696
1.8516951
2.1292436
1.6050954
1.0309219
0.94999635
1.0954742
1.2081001
1.6443567
2.1365726
2.1390216
2.1687918
2.3341722
2.444363
2.6089272
2.9519548
2.455928
2.6624968
2.259179
2.2118957
1.7068515
1.3728962
1.6104336
1.3454336
1.2512372
1.682888
1.6375523
1.7990621
1.8500735
2.1475139
2.322234
1.792963
1.9404707
1.8110883
2.0609503
2.0537574
1.1457962
1.1173595
1.298007
1.3755124
1.474942
1.8725698
2.0091307
2.038356
1.7024223
1.6169364
1.721951
1.8701005
2.1661532
1.7731228
2.0900016
2.2752252
2.2708611
2.664485
2.4811406
2.3265896
3.1301444
3.425532
3.3548188
3.019839
2.342326
1.8647299
2.7387855
2.6218019
2.6928716
2.6471245
3.481248
3.5071666
2.5200777
2.6634583
2.7960896
3.1780536
3.2414536
2.9113512
3.3484488
3.4402812
2.8203645
2.7964237
2.7141025
2.8553033
2.7203414
2.580809
2.1110594
2.2883782
2.1977966
2.484306
2.7915542
3.5327423
3.3545723
3.0926828
3.2532601
3.0730698
3.2981825
3.4076724
3.636101
3.7036061
2.8793736
2.370169
2.0729866
2.9077005
2.8742466
2.638894
2.756208
2.6098015
2.5044131
2.78713
3.2357793
3.7500257
3.8147395
3.243868
2.9868033
2.4457388
2.1376061
1.9759161
1.917348
1.9085828
1.8363922
1.7464519
1.7344952
1.6615134
1.6778948
1.9989249
2.396026
2.3459756
2.6897836
2.5843418
2.501416
2.6783385
2.5855808
2.2215648
2.3583026
2.2841082
2.0814571
2.2679222
2.2065897
2.2340064
2.5536747
2.68997
2.41963
2.7852166
3.2307549
3.3241029
3.4217649
3.0211184
2.6259098
2.9045672
2.9613683
3.5094845
2.8082216
2.8428254
3.8601754
3.343966
3.8906937
3.550859
2.2056663
2.2395034
2.4316728
2.5583615
2.6345673
2.8127182
2.5731075
2.7375968
3.224375
2.7920294
2.7259896
3.219897
2.9904077
3.4001021
3.416463
3.2109284
3.0457494
2.9013746
2.8507962
2.5574932
2.8183856
3.0304203
3.1756244
3.0781827
3.1812778
3.2416334
2.3196409
2.425308
2.3784504
2.7635818
2.8162484
2.926619
3.0946426
3.008704
2.9596708
3.0005152
2.9551084
2.7514198
2.1743293
1.4946154
1.3917199
1.1542168
1.2289549
1.5207697
1.639082
1.3989402
1.2596138
1.5595775
1.3592749
1.1468544
1.1510848
0.98884857
1.2855933
1.3242112
1.1723794
1.4611162
1.1600757
0.9951777
0.9545155
0.67348564
0.80409193
0.94958353
0.8926522
0.9566884
1.0991054
0.9267402
0.9622042
1.3447578
0.8944295
1.0803397
0.88413334
0.9651395
1.0652689
1.1928128
1.2563267
1.1057558
0.8945323
0.9540148
1.4239137
1.2153758
1.2907939
1.1583157
1.4347391
1.259306
1.1846586
1.3181578
1.1767557
1.4356973
1.530666
1.530382
1.4915998
1.3282886
1.6921371
1.3386884
1.3283722
1.209496
1.6062407
1.4482107
1.2247481
1.4741151
1.4846292
1.3016226
1.480773
1.6596584
1.609603
1.4795426
1.8641647
2.0369267
2.2667036
2.425283
2.4194207
2.114362
2.0850837
1.7630218
1.3223598
1.3471663
1.401715
1.4750094
1.8040572
1.6158878
1.2538189
1.1515422
0.93524814
0.98460287
1.1534891
1.2106303
1.3395633
1.0882806
1.4537858
1.3574193
0.94535655
1.1353227
1.1530862
0.93783116
1.6077545
2.294309
2.4115908
2.6688654
2.5310867
2.5311399
2.4893928
2.4911532
2.7067344
2.619718
2.5666196
2.3660123
2.430719
2.558616
2.8338773
3.16116
2.972769
1.8143183
2.0449848
1.9193815
2.0442226
2.2076006
2.038438
1.7479165
1.6181004
1.9026449
2.201754
2.40145
2.0669236
2.1646154
2.0494208
2.5906026
2.4471562
2.5490687
2.4812896
2.402617
2.2117937
2.0938063
1.5309389
1.6483209
1.8570697
2.109417
2.1540189
2.1438632
2.5954785
2.6185286
2.6994047
2.4417984
2.217726
2.4259667
2.2739422
2.1273096
2.5158927
2.28251
2.5570045
2.594148
2.589954
2.5174541
2.5202167
2.4429169
2.4655144
2.4145133
2.470853
2.41628
2.8620996
2.4334571
2.5491009
2.5500784
2.7808902
2.7031412
2.5379722
2.7933247
3.0398715
2.9641767
2.9081151
3.0419903
2.8073049
2.8865032
2.9623098
3.0966935
3.0534573
2.921041
3.233537
2.7401838
2.3776479
2.112256
2.1816263
2.5133395
2.711356
2.7609088
2.7576404
2.6717923
2.9680235
2.873559
2.7761526
2.8476744
2.637991
2.9004524
3.0323405
2.9181414
3.2314105
3.0425246
3.0824292
3.0233352
2.874172
3.042743
3.0469694
2.8775158
3.3514595
2.762084
3.121703
3.4010558
2.9046052
3.0504222
3.076841
3.0845323
2.9200659
3.2533133
2.9819896
3.2778215
3.0619433
3.2352226
3.0786974
3.078279
3.120993
3.0752811
2.9527376
2.7139087
3.0286922
2.8737803
2.80428
2.9508896
3.0842574
3.0771573
3.0745137
3.0739403
3.032775
3.1929488
3.1086829
3.204805
3.0844715
3.2004669
3.1327868
3.255403
3.3750064
3.212178
3.3173082
3.268096
3.4730184
3.242457
3.5524745
3.2865376
3.4184098
3.5017645
3.5385828
3.5336075
3.6670878
3.6182125
3.5460315
3.5643687
3.6241798
3.5812175
3.6836967
3.8051205
3.8090205
3.6718872
3.8163123
3.8081264
3.863793
3.8698254
3.7105393
3.710053
3.6021826
3.4223485
3.2505398
3.4334953
3.3100512
3.3242126
3.1430354
3.3562849
3.3085961
3.5072625
3.2544205
3.2441711
3.5582333
3.583015
3.3704474
3.4674032
3.3907123
3.4581518
3.5199418
3.3715944
3.4813793
3.4673355
3.3103318
3.2595444
3.4729853
3.4102488
3.4825997
3.6416817
3.430971
3.5275116
3.3120947
3.3778155
3.3421147
3.5030692
3.5208414
3.7049737
3.591517
3.7331703
3.5586593
3.5427558
3.5301852
3.5248306
3.5990648
3.725422
3.5113792
3.7315307
3.6646075
2.8198736
2.9017682
3.0683508
2.9244235
3.4618852
3.636005
3.6735597
3.621876
3.6298156
3.648208
3.7033188
3.8345332
3.6141264
3.4642794
3.1555085
2.6939335
2.1221786
2.2204847
2.2833326
2.0500402
1.5188047
2.7021098
4.085721
3.9528775
3.8244135
3.5063376
3.9282393
3.476894
3.0314503
2.6184921
2.7411695
2.3247042
2.4653974
2.1743076
2.737097
2.3128355
2.1642926
2.0601895
3.505057
3.3318365
2.9667766
2.5389667
2.9574564
3.3128662
4.0383906
4.2945247
3.965439
3.4095657
3.8657608
4.443776
4.373364
3.974657
3.9133692
3.5907848
3.1594865
3.671021
4.0545225
4.2216845
4.0240507
3.2750745
3.3162174
3.5630443
3.6507554
3.1699429
2.7716787
3.0232313
3.2334833
3.8207347
3.4876442
2.1797202
2.0102148
2.141237
2.6164453
2.0637877
2.6336408
2.7051215
2.0763981
1.7831814
1.5334872
1.8383905
1.2904208
2.0407004
2.7519867
2.6908782
3.388868
3.0112212
4.0538735
2.7318778
2.8898587
3.664217
4.046605
2.361743
2.7792497
2.900665
2.9885213
2.4303448
3.0376818
2.1532142
1.6796138
1.8882143
2.6625593
2.2565427
3.275429
2.6869073
3.0032282
3.6621828
2.4296503
3.356008
2.8382378
2.229917
3.207933
3.1294045
2.6354795
2.5607152
2.0902052
2.6394908
2.6048028
3.0480018
2.8171785
3.0944667
2.7076848
3.2407076
3.4449627
2.0128043
1.2347288
1.4887375
1.3392711
1.4304934
1.1369451
1.2405138
1.4866991
1.7548181
1.4218203
1.5555062
2.073994
2.2047772
1.2013127
1.4781113
2.8767238
1.8668548
2.474762
1.7627416
2.1201868
1.8624784
1.4784019
1.9067321
1.1385629
1.0208325
1.1268411
2.8318987
2.8994524
3.1541765
3.6977367
3.2548273
3.3049743
2.4890187
2.7540665
2.978805
3.32626
2.6221092
1.5909107
2.073817
2.2053115
2.4140842
3.0840063
2.623241
3.7433953
1.2445006
1.7568078
1.9851115
1.98366
1.2515256
1.114489
1.2946854
1.581538
1.6694547
1.7277596
1.3845075
1.2281353
1.4900414
1.627386
1.6667261
1.5928938
1.7438775
1.6847227
1.3116766
1.4954393
2.164266
1.7892796
1.8022511
1.6583256
1.7988865
1.8030615
1.7195725
1.3071582
1.362572
1.4269015
1.2803718
1.2896366
1.8292954
1.565456
1.5462475
1.6895603
1.4210325
1.3985785
1.562137
1.5318954
1.3247415
1.6845695
1.5283328
1.6806601
1.2378721
1.0704608
1.5540242
1.4590541
1.4860357
1.2335544
1.5307604
1.7223191
1.65735
1.8087753
1.4069923
1.4894465
1.4581857
1.5899965
2.0157962
1.745485
1.5955645
1.5992724
1.4460535
1.7893667
1.5650926
1.8689001
1.4920702
1.2009351
1.1204169
1.0243223
1.3544353
1.5174354
1.187902
1.2037427
1.1842399
1.2865156
1.373723
1.3454201
1.4981493
1.6433398
1.5686731
1.5455874
1.4572253
1.6638744
1.605912
1.6383506
1.5628458
2.0777879
1.663504
1.4299672
1.8988292
1.8331034
1.8543121
1.947127
2.4547641
2.468993
2.7720757
2.602125
2.6100008
2.9527564
2.6158159
2.6128783
2.1547625
2.0388312
2.033947
2.1258595
2.3756704
1.6901202
1.3726616
1.5083323
2.0544956
2.174501
2.137493
2.4843705
2.1318727
1.9432056
1.8995616
2.33934
1.4240468
1.0614101
1.2533088
1.4271685
1.440369
1.8619258
2.0957003
1.8402767
2.4005437
1.8718088
1.6938446
1.6540947
1.7832965
1.7087686
2.2142508
2.1874537
2.2122335
2.3992264
2.73229
2.609725
2.8179052
2.9484258
2.5649984
1.8183335
2.030717
1.9506956
1.9435374
2.1109524
2.171063
2.2229373
1.7836174
1.6530054
1.4786937
1.6875498
1.9949894
2.4606133
2.5573947
2.4304504
2.307881
2.2661746
2.109143
2.267579
2.3320718
1.9442149
1.7617995
1.9331512
1.9251179
2.0820649
2.250431
2.3378503
2.1935785
2.28852
1.9861101
2.6403062
2.264782
1.6022274
1.4722477
1.4905208
1.7633222
1.8808172
2.0086098
2.117304
2.3747873
2.5641606
2.6316671
2.6768816
2.6323223
2.4370403
2.0843978
1.9260235
1.842361
1.8683116
1.916602
1.9936203
1.9705658
2.0072966
2.0649388
1.9423981
2.1665409
2.0927625
1.5859934
1.6596313
1.8468714
1.5131971
1.3244934
1.5877283
2.014706
1.3608184
1.7824887
1.5509491
1.4517268
1.772782
1.552665
1.6068305
1.5264815
1.5081844
1.5238934
1.603902
1.5096296
1.8200845
1.6067445
1.8005325
1.6096383
1.7438868
1.7084436
1.5719148
1.6031336
1.6744729
1.5666732
1.9690381
2.137023
2.3760111
2.668465
2.42797
2.6862197
2.7426763
2.3839855
2.483202
2.1906881
2.0809057
2.3843539
1.8852057
2.0021522
1.7294381
1.7380868
1.8359897
1.8378125
1.8513976
1.6705515
1.8815838
2.1188016
2.2871761
2.6044447
2.6712034
2.596896
2.2727687
2.5594614
2.4268203
2.5479975
2.7109492
2.6417181
2.5903506
2.332002
2.284731
2.7286406
3.2825084
3.2830706
3.1114435
2.9528773
1.5174814
1.8981249
1.9950476
1.9323869
1.8035724
1.9260588
1.4951991
1.6118807
1.9648086
2.702459
2.3375218
2.9816678
2.2916174
2.7775197
2.4033847
2.3004355
2.6665905
2.5198057
2.4761999
2.4291158
2.6508403
2.8811693
2.3859935
2.712679
2.5853078
2.09961
1.7178644
1.803656
1.7136747
2.3333707
2.720066
2.3269315
2.2042756
2.3328805
2.5211058
2.4069123
2.3094945
1.9961587
1.573101
1.6707962
2.4449153
2.681661
2.02491
2.663578
2.2925036
2.7993777
2.6616466
2.9032516
2.7120125
2.534568
2.8268936
3.056918
2.835492
2.6196244
2.3160095
2.5253415
2.6477683
3.329667
3.544454
3.3659463
3.2205725
2.9102807
3.1154258
2.569657
2.376272
2.5557034
3.1130142
2.7077024
2.687845
2.447132
2.4106061
2.2203026
2.5854201
2.4133697
3.1124113
3.0363185
3.0708985
2.3083196
2.7400618
2.8044448
2.5219111
2.8004007
3.1605017
3.2146254
2.7542076
2.5236099
2.1935158
2.0757818
2.1985528
2.2174222
2.97137
2.7910345
2.8581583
2.8118968
2.7121563
2.9067562
2.604241
1.9724358
2.402118
2.0527475
2.660888
2.0576396
2.0085719
1.8395574
2.7165236
2.5066726
2.5854137
2.703075
2.9199898
2.3238645
2.43412
2.6902122
2.4897146
2.6719732
2.512186
2.809827
2.9060457
2.8419423
2.8535461
2.5177412
2.5819163
2.7202723
2.6313488
3.0613744
3.043942
2.8605008
3.2662606
3.1975255
2.2204776
2.227636
2.0982428
2.5679731
2.1850746
2.8205075
2.9049993
2.7041214
2.591185
2.2873373
2.1294072
2.413863
2.2921762
2.3715878
2.2037702
2.0542266
2.6344066
2.9206321
2.7896664
3.394037
2.9861555
2.4216826
2.274524
1.9865843
2.184873
2.1315002
2.6222198
1.9377234
2.1806798
2.238406
2.3015327
2.3039157
2.285417
2.346931
2.5121593
2.47574
2.9719298
2.502592
3.3225899
3.0454988
2.3899777
2.4859335
2.5131814
2.547407
2.8207414
2.519007
3.2647648
3.0484533
3.4607193
3.0816584
2.5886886
1.87353
1.9066317
2.4402752
3.1270907
2.1409352
2.8950615
2.5875955
2.6407585
2.4779434
2.971839
2.9485257
3.4938743
3.3969371
3.059886
3.6970198
2.782321
2.3201122
2.195178
2.734383
2.8980742
2.4732068
2.6992984
2.1338563
2.570577
2.7097406
2.686152
2.5245476
2.7824779
2.5832176
2.1135762
2.523744
2.8915484
2.7085042
2.6886895
2.7996616
3.8170862
3.3931508
3.9513507
4.5026374
4.1341753
3.7224963
3.4878898
3.3126075
2.9698617
3.2296572
2.9816027
3.2300713
2.96477
2.582735
2.6773078
3.0325475
3.5469263
3.3228843
3.4304492
2.8694365
3.0224462
2.8015854
3.8658922
3.3892465
4.1048803
3.671368
4.7179184
4.022376
4.0335855
4.0690327
3.871669
3.882938
3.9278445
3.8831203
2.9048328
2.8332236
3.668291
3.1520772
3.4091005
3.3840027
3.5064318
3.0873036
3.1661615
3.130788
3.4495108
3.294409
3.8221443
3.4534037
3.9735644
3.4710703
3.2618527
3.4646895
3.0520208
3.0149505
2.9986587
2.683344
2.9126832
3.1567764
2.7498884
3.1485276
3.1311312
3.1094112
2.7475922
2.7992096
2.9519367
3.2916603
3.085168
3.0326252
3.362318
3.1438136
3.422829
3.1403074
3.2796867
3.0173533
3.334743
3.3113222
3.7964091
3.2323725
3.422185
2.897053
2.9179878
3.1793606
2.3356223
3.2952461
3.562371
2.9829288
2.3709674
2.5122757
2.852489
2.7344527
2.3573186
2.747534
2.8776755
2.7852635
2.6332157
3.4918437
3.3301587
2.9909902
2.9790828
2.9521015
2.8711002
3.0097532
3.1542292
2.8922884
2.9765043
3.3981833
3.2782578
2.9302006
3.2512093
3.4158235
3.4437509
3.65413
3.7684755
3.534474
3.517088
3.84053
3.6866632
3.5213842
4.0012546
3.6551447
3.636939
3.9070034
3.643801
3.3935497
3.6103318
3.6796725
3.5810978
3.705932
3.206965
3.6408713
3.3614376
3.5551376
3.241278
3.5269105
3.455336
3.550065
3.2011511
3.5360847
3.369533
3.200414
3.209971
2.751502
2.3122897
2.4314737
2.5286903
2.748821
2.9231558
3.2592442
2.861769
3.6633046
3.0403125
3.363078
3.6994615
3.2634115
2.8003757
2.9359672
2.9005413
2.8819094
2.7526186
3.1661575
3.6898885
2.9171274
3.2314537
3.5615196
3.4326386
3.5076604
3.2182908
2.953888
3.2855604
3.4760263
3.4890208
3.1746595
3.36379
3.7828078
3.1807916
3.4298413
3.414094
3.7143865
3.7023158
3.7714386
3.3617096
3.3557026
3.0900674
3.646246
2.8052413
3.6722074
3.4385421
3.1768806
3.6603167
3.6574416
2.5517206
2.215376
3.3651624
3.204794
2.8550181
3.056968
2.326159
2.8514075
2.8638306
3.0574868
2.429842
2.0492811
1.2815429
2.2579482
2.871281
0.53087914
0.28175735
0.21479878
0.2792151
0.17354214
0.3413408
0.225326
0.30567074
0.56039494
0.36968938
0.53491575
0.5746134
0.56399596
0.55717325
0.49053746
0.56245846
0.33090255
0.34096256
0.43162304
0.37721458
0.28007212
0.36685768
0.43743205
0.6232519
0.7212738
0.77367026
0.9331452
0.8441895
0.8539083
0.7566278
0.80594426
0.72821105
0.9061832
0.7847858
0.8026336
0.8006769
0.90502757
0.92480886
0.7463175
0.788236
0.76976925
0.52163947
0.67422694
1.0456903
0.9534966
0.80974174
0.77293164
0.72897696
0.93839264
1.053113
0.60396326
0.8443999
0.79142165
0.7979646
0.7408752
0.6482421
0.56713533
0.88110876
0.90131074
0.8244192
0.89842653
0.85024226
0.9597399
0.7960236
0.8285196
0.88278043
0.83945066
0.7992377
0.9900207
0.95399606
0.8758632
0.9879786
0.9491166
1.1693577
1.1950216
1.0809056
1.0704312
1.0777527
1.1380804
0.98918676
0.90576684
0.8499425
0.94971704
0.98115396
0.9103143
0.8965881
0.52091753
0.60243696
0.88126206
0.90875584
1.0436558
0.91870147
0.7752614
0.7093919
0.5865856
0.48932078
0.47912797
0.39411595
0.3770447
0.4544086
0.32899305
0.29872942
0.26202944
0.3084491
0.6147145
0.4624588
0.39418116
0.41928124
0.321501
0.42453447
0.35160527
0.4145828
0.465307
0.45085496
0.38468626
0.54826474
0.47170234
0.4151839
0.51591265
0.44557083
0.45922711
0.4522018
0.55697507
0.55632144
0.5703839
0.45361876
0.37207642
0.45997238
0.52841556
0.47783142
0.4177787
0.5566847
0.49486822
0.5557811
0.5353249
0.42591816
0.5409257
0.38313994
0.45541424
0.509351
0.609182
0.4868064
0.55251366
0.6614198
0.43507683
0.63481957
0.595632
0.7282658
0.5328763
0.49913055
0.6881732
0.64116234
0.50703233
0.53249365
0.5691414
0.45437384
0.4081084
0.2856837
0.3441422
0.8008839
0.79528296
0.7022108
0.742335
0.6607639
0.6988475
0.7325453
0.69827825
0.77915084
0.62961704
0.6503433
0.5922835
0.69456685
0.83801204
1.139522
1.1067121
0.8905633
1.9099904
1.9307678
1.9219966
1.3806859
1.4904875
1.5960056
1.2662054
1.4961123
1.1457517
1.1419888
1.1747563
1.3354545
1.2343265
1.3188889
1.146588
1.3619981
1.1275259
1.2216583
1.173855
1.1099918
1.126237
1.3207363
1.2101254
1.2447557
1.2793443
1.509555
1.5693573
1.2380747
1.2066782
1.2741076
1.1916834
1.199821
1.2615249
1.2994924
1.0470281
1.2505374
1.1835302
1.2807922
1.2139095
1.2233876
1.4239264
1.1485064
1.3152785
1.7077906
1.5402124
1.3753664
1.8121287
1.8483565
1.3038791
1.2314866
1.6352274
1.5422237
1.6861497
1.7617648
1.6258582
1.3707056
1.3043164
1.1297051
1.032729
1.1275017
1.3874446
1.3403033
0.9753858
0.98400074
1.1292123
1.600515
1.7021168
1.4098107
1.2542688
1.1978083
1.2208239
1.0674479
1.2859142
1.2121767
1.2681556
1.3802335
1.3806912
1.2224284
1.2231107
1.3429809
1.1757963
1.3322085
1.2984095
1.2936385
1.2717199
1.309288
1.4130564
1.1260939
1.0883818
0.81811893
0.8790409
1.1386697
1.1273885
0.84972286
0.71393
0.8957203
0.9889078
0.8484618
0.8344572
0.66094834
0.79999423
0.86404276
1.1202785
1.0441704
0.921649
1.1162182
1.1247762
1.3118231
0.81296766
1.445531
1.2414984
1.2999442
1.8395562
1.9076395
2.1975114
1.4335489
1.1504842
1.3919036
1.4550567
1.5144056
1.6178708
1.643582
1.6418726
1.8897378
2.0112817
1.7884946
1.4097227
1.4902643
1.3453271
1.5288332
1.5977992
1.5280477
1.6182944
1.5755113
1.9585147
1.9368432
1.7542732
1.7170601
1.4808434
1.982578
1.7151358
1.78177
1.5244837
1.7371075
1.7619013
2.388063
1.9453338
2.3916957
2.5519893
2.5746143
2.5548685
2.2237341
2.7567194
2.4839652
2.7866576
2.4515607
2.4622335
2.4632578
2.367596
2.2845879
2.517228
2.6084826
2.4265563
1.7902248
1.936682
2.371413
2.6602492
2.9165816
3.5099819
2.9334803
2.1447504
2.0604866
1.8923448
2.0604908
2.0509439
2.327182
2.3874984
2.8348632
1.9592726
1.9458869
1.6548144
1.2543515
1.2661663
0.71203953
1.0884434
1.8642304
1.8765699
1.7905099
3.1530366
2.8829496
3.0897713
3.2297854
3.0611491
2.855996
2.961745
2.7126927
2.6490054
2.7321882
2.8560686
2.6312041
2.3229117
2.713546
2.356
2.5735466
2.5435038
2.2429094
2.344316
2.597224
2.250884
2.4119146
2.4369142
2.4747388
2.2836876
2.36139
2.0513704
2.1453898
2.4395766
2.7855458
2.662167
2.5862825
3.0463665
3.4302878
3.133659
2.619856
1.2746758
1.1537855
1.1854066
1.0994978
1.2208005
1.3553814
1.7982726
2.2399518
1.7179048
1.983216
2.3970268
2.1121593
1.7314979
2.087723
2.2282157
2.656757
2.4177756
1.9659967
1.7525132
1.9713696
1.6558886
1.2433553
1.7806163
1.5235033
1.3680445
1.7242633
1.3704422
1.2645683
1.1342412
1.500963
1.1996491
0.8525527
1.2892666
1.5259889
2.0720174
2.2098832
1.6030421
1.9404693
1.9552555
1.9421202
1.9216056
2.3209467
2.0573213
2.0872335
1.942359
1.9265281
2.1453424
1.9988567
2.094154
2.0854368
1.898618
2.6929705
2.3415189
2.0559397
2.2905085
2.3200068
2.5452106
2.4856453
2.6059062
1.8714767
1.1684136
1.3283409
1.8880965
1.7930106
2.1542451
2.3362966
1.6435977
2.0914435
2.2770169
2.6568885
2.5211482
2.6838338
2.3849587
2.7316256
2.269545
2.1649399
1.7592502
2.3154788
2.330732
1.928881
2.5833943
2.0299883
2.5741568
2.4828725
2.5973248
2.764319
1.4803088
2.1949968
2.4647355
2.5910108
1.474988
0.87185735
1.1134046
2.0505946
2.1068163
2.0875232
2.556847
2.329486
2.0450065
2.9848175
2.7052708
2.0513945
1.0837072
1.1112596
1.3635907
1.4351082
1.1828927
1.6175444
1.8060561
2.2305112
1.8310745
1.9061816
2.086444
1.578178
2.1424966
1.8501446
1.7882462
2.0315952
2.7237644
2.0707498
1.9739217
2.2137482
1.7854584
1.8763582
1.6751724
2.1916194
1.9746966
2.1604092
2.2967772
2.6787672
3.0197086
2.1368082
1.8903216
2.284941
2.2385979
2.3391404
2.096741
2.2877471
2.5348434
2.329955
2.1277401
2.0134377
2.1935377
2.2206402
2.4864879
2.2353432
1.319465
0.6626723
1.0815506
0.7367348
1.1452616
1.3975657
1.1676829
1.2579615
1.7435399
1.7193418
1.8103263
2.1827803
1.7218522
1.8549048
1.672591
2.0626411
2.426403
2.1225638
2.270677
1.9392736
2.661951
1.627416
2.4042375
1.5294555
1.8330541
1.7841942
1.6080327
1.8301824
2.4309814
2.654553
2.7436597
2.0748065
2.4533494
2.5145793
1.8777819
2.0472531
2.0702894
2.2226832
2.4751167
2.4153545
2.4363172
2.504175
2.8632092
3.1347513
2.822609
3.0989487
3.054657
2.7932603
2.967638
2.898027
3.5654216
3.9639695
3.5224261
3.4266062
2.373177
3.085706
2.4120877
2.6069682
2.2013235
1.7492207
1.8021878
2.2663207
1.7076919
1.8837895
1.8647543
1.8425038
2.2943356
1.9426432
1.8864307
3.183469
2.6766675
2.6761098
2.6697693
2.3537824
2.4328475
1.8785071
2.2566016
2.6654143
2.4923224
2.5282254
2.362376
2.6256194
2.938042
2.5302773
2.500457
2.2685728
2.3628023
2.5718942
2.678885
2.2636857
1.8490322
1.889539
2.1842506
2.068667
1.9344513
1.7585562
1.876595
2.1583285
1.9183745
2.064489
2.2588542
2.4421484
3.0010026
3.3720622
3.3076856
3.0888145
2.7281806
2.01149
2.2018383
2.540644
2.0720356
2.454304
2.891923
2.3675814
2.764575
2.520637
3.6731365
2.1464071
2.0783896
2.0994678
2.663439
2.2142167
1.88419
2.9237947
2.100247
2.552801
2.3983288
2.31303
1.9747453
1.5040333
1.9581716
1.9596753
2.265103
1.9096544
2.0784378
1.8934629
2.0957541
1.9303862
2.0122824
2.1050136
2.044184
1.374331
1.8935423
1.7339323
2.2277029
2.0547724
2.190384
1.8328671
1.9814016
1.9329169
1.9512961
2.021763
1.9066314
1.9749517
1.8068227
1.7083987
2.2085583
2.2727787
1.7658701
2.1168375
2.1862698
2.143156
2.343149
1.8064084
2.1361392
1.8038874
2.0830626
2.0016913
2.4054778
1.7501336
1.7966449
2.0866368
1.8537779
2.3631139
1.6879382
1.9171228
2.2559273
2.2030575
1.9939481
1.4258589
2.0902236
1.7370541
1.8175042
1.6319232
1.9024597
1.9933803
1.8250958
1.870162
