10000
8.140531
8.108938
8.080435
8.0410185
8.0385895
8.017868
8.25965
8.223276
8.107416
8.125729
8.039438
7.9071035
7.6199646
7.6138344
7.688074
7.6767716
7.7014976
7.7213383
7.7710943
7.666498
7.5606413
7.48205
7.6484165
7.568463
7.5729437
7.5242276
7.419965
7.495434
7.4820957
7.3159127
7.2649164
7.474963
7.6386423
7.7908697
8.016554
7.9589157
7.958704
7.930767
7.983962
8.022487
8.019033
8.031998
8.215647
8.190525
8.130572
7.894673
7.74044
7.5949755
7.3851814
7.3975635
7.4188266
7.4785614
7.469756
7.6285567
7.6370096
7.4807796
7.4836845
7.3878565
7.471883
7.323724
7.4012823
7.4226704
7.3228173
7.299552
7.4313774
7.2895713
7.1845803
7.3969646
7.536361
7.741721
7.8401814
7.8076196
7.706071
7.765224
7.850705
7.8295255
7.8698564
7.8131995
7.8646374
7.769024
7.6884966
7.679145
7.5539827
7.3794622
7.324799
7.354756
7.4591575
7.4113474
7.48592
7.354834
7.440224
7.3426895
7.4226146
7.2865386
7.480105
7.640487
7.5050483
7.3939414
7.4052496
7.310044
7.1969013
7.183983
7.3112073
7.5829844
7.548409
7.786694
7.8285923
7.816888
7.8093915
7.8229218
7.816207
7.8710814
7.925436
7.8616457
7.7793283
7.753261
7.7404995
7.700773
7.6156073
7.4145126
7.5462837
7.6114006
7.7503724
7.7508726
7.9966917
7.8715224
8.03052
7.899666
7.894559
7.7976255
7.743201
7.7543297
7.730426
7.511634
7.407423
7.162078
7.114885
7.1878586
7.4132032
7.6690197
7.8244524
7.9662848
7.8876033
7.7894163
7.8461637
7.9918423
7.8976884
7.7748218
7.923606
7.904902
7.703664
7.7282834
7.654696
7.6012506
7.3978705
7.394113
7.4880586
7.636581
7.589075
7.654501
7.7626677
7.7936506
7.8086653
7.8114204
7.73519
7.6766067
7.817391
7.8271065
7.8097987
7.7036214
7.708927
7.456395
7.2692523
7.3331122
7.594194
7.6239257
7.8168454
7.900577
7.871484
7.836935
7.7787485
7.760871
7.8224306
7.739661
7.830117
7.86463
7.7528224
7.6841908
7.6247973
7.4680753
7.424754
7.549563
7.620403
7.7697663
7.7927833
7.845925
7.829856
7.8334436
7.8917427
7.786932
7.844683
7.717056
7.876356
7.8564124
7.8025455
7.590265
7.4112935
7.224748
7.135002
7.363388
7.5591755
7.6935315
7.839697
7.8547716
7.840202
7.903774
7.9420357
7.898449
7.835565
7.899456
7.874261
7.800763
7.699295
7.570413
7.4613504
7.3631043
7.3593574
7.490924
7.5160103
7.589631
7.709
7.6641707
7.791836
7.786784
7.7555866
7.7667756
7.8023677
7.730202
7.7548985
7.7812424
7.572349
7.5693636
7.5384903
7.2747517
7.1498337
7.342521
7.6448493
7.855216
7.967683
7.8672004
7.7218127
7.6872964
7.687809
7.7147884
7.6587763
7.76494
7.868042
7.95594
7.833742
7.8168135
7.6970167
7.710589
7.4223633
7.5257783
7.55353
7.651657
7.5427055
7.6626463
7.4996614
7.4820285
7.56396
7.448731
7.6071653
7.446901
7.5774155
7.329522
7.39268
7.4067273
7.329206
7.1664715
7.1312227
7.260168
7.6015563
7.6853395
7.672656
7.684457
7.516547
7.4735975
7.480948
7.5663614
7.6346397
7.766287
8.004204
7.830555
7.8321333
7.7040014
7.563813
7.471307
7.356032
7.409598
7.478163
7.5035458
7.503587
7.5197344
7.477345
7.4216824
7.7036786
7.5063653
7.654282
7.7164383
7.54493
7.6301537
7.4636345
7.4551077
7.308602
7.2032204
7.1587076
7.3789773
7.624388
7.5809684
7.703574
7.703474
7.5533066
7.5380054
7.597453
7.630846
7.8347316
7.7020893
7.974316
7.7703
7.693678
7.3945665
7.4051547
7.334499
7.4451766
7.516214
7.607219
7.5604043
7.608526
7.608659
7.7275505
7.7237506
7.48995
7.691005
7.5755625
7.554988
7.499068
7.2919645
7.2267594
7.255931
7.1286016
6.938114
7.0743856
7.3744974
7.5558486
7.6001515
7.5594006
7.48464
7.499708
7.4505196
7.4771934
7.5224667
7.672901
7.5890064
7.7133946
7.660279
7.7137566
7.579533
7.4198523
7.2012005
7.2843165
7.3211827
7.362213
7.3369565
7.1846685
7.3216004
7.3923264
7.528756
7.3592587
7.377767
7.218082
7.4233203
7.5477233
7.388746
7.3261843
7.2102327
7.2083335
7.1715326
7.1805463
7.508316
7.508703
7.6072226
7.6510577
7.5365686
7.476239
7.400047
7.4751663
7.5231543
7.558916
7.521684
7.6537848
7.5239387
7.551028
7.3054423
7.194227
6.8851695
6.9593205
7.1104755
7.1906624
7.160321
6.924237
6.9912376
7.155475
7.378023
7.469901
7.3988686
7.4383316
7.2062726
7.277684
7.1837864
7.248184
7.059706
7.1921206
7.096597
7.0655046
7.0480947
7.240772
7.289429
7.39211
7.3482265
7.370728
7.2710214
7.326432
7.317191
7.352432
7.4108524
7.4378486
7.551287
7.518158
7.531313
7.4512086
7.2802496
7.1825104
7.321321
7.4109793
7.517226
7.3130007
7.28197
7.3465366
7.594883
7.697174
7.6219196
7.616178
7.6294394
7.687454
7.5552654
7.4720464
7.447121
7.4321613
7.4361696
7.348411
7.3514185
7.552683
7.664888
7.721715
7.7206755
7.7313223
7.678891
7.6857386
7.651903
7.775672
7.7246933
7.8607726
7.7892647
7.732972
7.66093
7.592139
7.458453
7.2321343
7.2075996
7.201056
7.317919
7.4130087
7.208423
7.4383154
7.1703815
7.418741
7.3120995
7.527805
7.430643
7.5150967
7.487663
7.598077
7.535931
7.4805746
7.323539
7.441729
7.398782
7.467257
7.7388287
8.057322
8.070765
8.076669
8.103793
8.191257
8.153294
8.200879
8.321789
8.279307
8.147531
8.235871
8.120704
8.029403
7.816261
7.6866317
7.6937065
7.6263847
7.9206166
7.9076047
7.871378
7.8871202
7.8331103
7.8696074
7.9793186
7.9958024
8.012258
8.084837
7.9544806
7.9311514
7.9155846
7.8437023
7.7693434
7.602106
7.596276
7.777542
7.846777
7.922058
7.993136
7.9901533
7.9806967
7.966219
7.9367723
7.9759607
7.9395914
7.91576
7.879676
7.815471
7.8074164
7.8472834
7.798171
7.78782
7.7702847
7.6108394
7.6422176
7.735077
7.7794266
7.7647014
7.7482324
7.636366
7.7547283
7.782599
7.778242
7.7300816
7.7701216
7.5766525
7.6393385
7.6035266
7.687519
7.733084
7.7680492
7.8816996
7.927352
8.018897
8.007067
7.968075
8.070426
8.033092
8.0062895
7.9273777
7.85061
7.8316364
7.7694407
7.744745
7.747885
7.830674
7.77668
7.759784
7.7384543
7.6525426
7.59861
7.761982
7.7432623
7.747909
7.621175
7.554377
7.565924
7.743494
7.726031
7.7623153
7.7261786
7.72322
7.64246
7.621349
7.6652856
7.755859
7.7888927
7.9173656
7.937877
7.9702687
7.9149284
7.992412
8.002693
7.8194547
7.848886
7.7287693
7.6413245
7.5719523
7.6477695
7.5496554
7.502271
7.5954666
7.5779333
7.5472097
7.6096163
7.5786605
7.554941
7.658293
7.7092547
7.6413274
7.699972
7.528833
7.527002
7.5460443
7.7165003
7.7445807
7.7245502
7.804867
7.6476765
7.688477
7.751458
7.8382125
7.8816376
7.8449965
7.887806
7.843924
7.7661314
7.766904
7.6696405
7.5794363
7.7306237
7.6341686
7.5689654
7.5998216
7.4823976
7.4703803
7.380327
7.420196
7.5517044
7.515167
7.575981
7.6234856
7.5142484
7.6360955
7.737178
7.7746572
7.5746126
7.3492513
7.320442
7.419955
7.474243
7.507294
7.543402
7.536647
7.4819455
7.308312
7.3610873
7.497791
7.5983505
7.682411
7.740862
7.611363
7.5302534
7.6638007
7.655013
7.4166512
7.397154
7.22397
7.249039
7.182736
7.138482
7.19616
7.2257257
7.2620564
7.251214
7.220773
7.266572
7.3590584
7.5508227
7.461234
7.642136
7.648909
7.783451
7.5602007
7.288491
7.386804
7.548831
7.4467335
7.540462
7.707668
7.6681476
7.683649
7.486091
7.3337445
7.514974
7.601227
7.6447325
7.758995
7.623604
7.4691925
7.215084
7.2514
7.2410903
7.150382
7.218578
7.2202625
7.2705755
7.2202544
7.208676
7.2997212
7.30897
7.3814926
7.204593
7.0977545
6.981748
7.218286
7.327882
7.4337516
7.4963446
7.551875
7.4122496
7.5091515
7.4636865
7.6674137
7.609312
7.517083
7.584133
7.576377
7.6075377
7.5862846
7.31316
7.2421317
7.3580313
7.3862767
7.2647448
7.177533
7.1070547
7.00685
7.092063
7.059334
6.871684
6.8205237
6.8108816
6.865269
6.943519
6.7988534
6.784177
6.8486075
6.8121066
6.8142476
6.7558737
6.9563565
7.0274105
7.035809
7.1136556
7.39887
7.5343065
7.289888
7.3877463
7.578866
7.5124435
7.5005054
7.426698
7.4800897
7.36947
7.3986826
7.282304
7.21563
7.0219374
7.0240216
6.962995
6.8119025
6.70259
6.5156565
6.5037775
6.643716
6.724757
6.4512286
6.6284957
6.4267263
6.346776
6.3949423
6.465959
6.463329
6.5386667
6.5742116
6.826626
6.8185606
6.835258
7.036214
7.1646094
7.031674
7.1065383
7.1842046
7.2576375
6.954123
7.2462854
7.2959924
7.198441
7.10021
7.271533
7.278175
7.346053
7.082156
6.8973117
6.766114
6.721607
6.682603
6.6091776
6.476837
6.3745556
6.0484605
6.506772
6.384035
6.3912444
6.389149
6.267976
6.2860823
6.4273076
6.4588385
6.743541
6.486021
6.6761003
6.7034893
6.6242995
6.6030865
6.581075
6.5264993
6.6479836
6.68825
6.8155246
6.574363
6.720977
6.935722
6.9684696
7.0112596
7.0830293
7.0340185
7.093589
7.0635347
6.83373
6.778547
6.843663
6.6750817
6.8975544
6.7922072
6.714573
6.5759645
6.486849
6.7557487
6.619802
6.54139
6.4201255
6.602417
6.4883842
6.660572
6.6063514
6.7813725
6.892578
6.8282
6.6332645
6.51721
6.6064215
6.8544254
6.8199396
7.117232
7.177004
7.229358
7.0770993
7.057323
7.267055
7.248014
7.2313495
7.2492375
7.204708
7.1987047
7.209661
6.8820157
7.0344644
6.981757
6.9740615
7.0225277
6.9993954
6.9693265
6.903418
6.869821
6.871427
6.799189
6.789336
6.7148743
6.71861
6.8090887
6.882616
6.938715
6.96014
6.9322605
6.921389
6.8245068
6.8790994
6.7958097
7.1096716
7.2298684
7.410753
7.423023
7.236795
6.931333
6.700769
6.8080745
6.6366787
6.584349
6.7986465
6.939924
7.058953
7.040549
7.0766745
6.809879
6.8880415
6.758011
6.6215672
6.5842905
6.605385
6.618757
6.6652637
6.4635997
6.4475183
6.343542
6.3487434
6.2920403
6.4635773
6.642397
6.643799
6.748332
6.600904
6.5235167
6.4661098
6.6262445
6.457445
6.5307727
6.6551957
6.8146534
6.780229
6.564781
6.561512
6.665098
6.570415
6.5445786
6.4639106
6.3549414
6.434202
6.391058
6.5114365
6.445207
6.371536
6.2743893
6.070484
5.903595
5.9828315
6.109124
6.273918
6.179403
6.032713
5.9254246
5.9545336
5.948049
5.98183
5.923391
5.8812304
5.8581815
5.806129
5.908686
5.7187033
5.8385544
5.871793
5.9423127
6.04251
5.9342537
6.074513
6.0043097
5.942345
5.986069
6.0368524
6.1781077
6.158786
6.215614
6.278131
6.2952466
6.3174896
6.3074856
6.375704
6.3371205
6.332648
6.238708
6.277748
6.394555
6.359826
6.378847
6.489927
6.3233
6.403366
6.515964
6.420828
6.4157276
6.343765
6.3333826
6.4727554
6.3392987
6.5735884
6.440667
6.573574
6.5858636
6.568024
6.5040703
6.5739822
6.3122506
6.2498593
6.1548457
6.172462
6.204998
6.133518
6.286078
6.0727997
6.201605
6.0909843
6.2716312
6.289964
6.429346
6.45747
6.540333
6.487164
6.574507
6.528333
6.5618486
6.5578094
6.437061
6.203884
6.3493695
6.2965374
6.467891
6.2136984
6.267511
6.2263017
6.181968
6.146944
6.273494
6.2092276
6.173618
6.068015
6.1024704
6.063626
6.052521
5.8418374
5.7955995
5.814106
5.7501163
6.008353
6.05887
6.142044
6.241525
6.2609625
6.2423515
6.203867
6.329476
6.2787743
6.4488316
6.345648
6.416977
6.406459
6.3252153
6.477338
6.1798773
6.214121
6.1693263
6.0833054
6.035771
6.016795
6.1649914
5.992349
6.057316
5.9231
5.8933325
5.9006014
5.8661003
5.876999
5.6874437
5.6407304
5.481756
5.5156026
5.295226
5.1892877
5.230714
5.0316396
5.15351
5.045361
5.1176734
5.1995897
5.379101
5.118776
5.4468102
5.4379964
5.5342975
5.6028566
5.5645266
5.4822907
5.4541335
5.0484056
5.043784
4.89395
4.716097
4.9611473
5.0492597
5.0344033
5.2857537
5.3483024
5.4635897
5.1935716
5.792282
5.4256773
5.951273
5.568717
6.003498
5.9105825
5.734164
5.366666
5.176167
5.0534277
5.222761
5.41171
5.40397
5.541998
5.738645
5.957073
6.0857553
6.17296
6.1720095
6.0764384
6.0940175
6.170302
6.0909214
6.235987
6.4109497
6.3314257
6.153222
6.1928973
6.1346297
6.2973533
6.3376803
6.476302
6.534825
6.501107
6.447292
6.4001503
6.3454323
6.3511
6.396048
6.3555307
6.348222
6.365207
6.278571
6.112419
6.099118
5.979705
6.0883584
6.161291
6.314442
6.4362674
6.4467993
6.539601
6.5707264
6.5859237
6.678135
6.5777483
6.6751575
6.5736136
6.617404
6.52491
6.5329046
6.3755994
6.271959
6.147851
6.4049883
6.4369545
6.6714554
6.628947
6.6628294
6.549654
6.479985
6.366719
6.5270114
6.5437727
6.644206
6.4732976
6.4711137
6.421398
6.297931
6.165526
5.8482075
5.9539075
6.024275
6.2355294
6.2578773
6.267301
6.3703423
6.270831
6.349851
6.211152
6.4034014
6.2669206
6.3536987
6.328815
6.385617
6.2590666
6.1774774
6.114473
6.017115
6.2034597
6.3135767
6.394597
6.501928
6.599236
6.706798
6.95099
6.896573
6.8304596
6.6269813
6.5239787
6.724744
6.6753254
6.618794
6.540281
6.346871
6.2187552
6.22929
6.116288
6.0829315
6.0945296
6.3577256
6.456229
6.5447493
6.523448
6.5709677
6.514971
6.692859
6.5967555
6.715142
6.7943163
6.655786
6.6164484
6.5499353
6.561842
6.6043463
6.763465
6.76125
6.7977343
6.882861
6.9701414
6.9835863
6.997687
6.9560432
6.901325
6.8469596
6.7336917
6.6454897
6.672245
6.628426
6.7398458
6.6545715
6.3572745
6.0734386
5.895489
5.9417114
6.10746
6.2601295
6.316946
6.5174193
6.5703716
6.7042065
6.6424932
6.7023196
6.6261153
6.4956064
6.179156
6.403653
6.0518937
6.05313
6.1781626
6.224854
6.246174
6.3175125
6.2187405
6.3919168
6.4034247
6.3074718
6.437268
6.783351
6.805654
6.765547
6.8550243
6.785001
6.755655
6.829476
6.741863
6.8003225
6.6158714
6.578259
6.4523115
6.4625564
6.6034646
6.9158897
6.8857465
7.2421684
7.018899
6.689192
6.3505836
6.311146
6.316495
6.088334
6.2608433
6.3801856
6.0762534
5.878075
6.1346006
6.26795
6.496167
6.6745973
6.71373
6.781085
6.827828
6.8140965
6.854463
7.0736904
6.9039946
6.9006166
6.8636417
6.8542247
6.5272293
6.0227885
5.967032
5.9043665
5.7961645
5.907454
5.5762496
5.54097
5.8006506
6.0383625
6.261438
6.612521
6.748088
6.599516
6.343367
6.6389112
6.712614
6.846781
6.9097447
7.018967
6.9022784
6.8304267
6.8576813
6.7365026
6.8812943
7.0917826
7.444025
7.430004
7.202879
7.329897
7.3236465
7.4198394
7.444064
7.5244584
7.5435653
7.544072
7.341214
7.3357983
7.232129
7.077032
7.1572447
7.2553067
7.1077876
6.9959
6.8704786
6.8887534
6.915932
6.924085
6.836656
6.7666025
7.0093265
6.877859
6.5798583
6.619569
6.51684
6.6353474
6.3395033
6.362836
6.3553634
6.2791295
6.10968
6.1808414
5.9726334
5.742697
5.8506713
5.4858804
5.683075
5.7623324
5.6633854
5.713475
5.834368
6.0689974
6.009878
6.09867
6.320449
6.298397
6.117457
6.0768557
6.1179323
6.133092
5.857449
5.7762566
5.505562
5.6229935
5.566632
5.69098
5.837449
5.9025974
6.1069508
6.284739
6.3166766
6.417052
6.552992
6.447686
6.469795
6.4704795
6.6255875
6.751012
6.9383535
7.039716
7.074107
7.094203
7.1267767
7.0652466
7.035622
7.098753
7.1992455
7.2102118
7.334789
7.2113323
7.24943
7.2554293
7.18487
6.95434
7.1222095
7.1185064
7.051052
7.2193756
7.018369
6.8586373
6.94896
6.886073
7.1575427
7.0599036
7.0353923
6.7363257
6.7419224
6.9916306
7.02611
6.773905
6.6895394
6.8325386
6.7363005
7.062315
7.1119905
7.4778223
7.453421
7.205446
6.837159
6.804762
6.78008
6.9232445
7.084942
7.08768
6.941647
6.9450226
7.0340714
6.9580884
6.9011617
6.943742
6.7404017
6.701132
7.000602
6.888236
7.0262547
7.275158
7.22561
7.1386957
7.2053046
7.111965
7.000585
6.831332
6.809634
6.793578
6.783478
6.6818075
6.400426
6.3873644
6.560944
6.752539
6.9174786
7.379482
7.3997884
7.106489
6.656254
6.7868857
6.8663464
7.0552735
6.9686956
7.0303397
6.9982266
6.7552032
6.607582
6.345318
6.612852
6.1551313
6.120506
6.1083775
6.1922708
6.3079586
6.0928407
6.6977973
6.47666
6.5211906
6.2882624
6.5581107
6.357568
6.2269793
6.1918693
6.307173
6.3837214
6.177466
6.1575785
5.824716
6.191313
6.4236608
6.5103693
7.1464567
6.906684
7.0606627
6.63332
6.6759324
6.608225
6.9647236
6.837412
6.8931866
6.894968
6.995368
6.651113
6.5388865
6.5491714
6.7535934
6.404093
6.5536685
6.730088
6.8450785
6.7604923
6.9694777
6.6788635
6.630413
6.449536
6.30147
6.201732
6.0901504
6.3562393
6.4199424
6.5055113
6.2175665
5.7977176
5.8722796
6.1174445
6.2005253
6.4791284
6.571596
6.7799935
6.5731144
6.280402
6.432983
6.6053667
6.687246
6.5900297
6.721442
6.710065
6.6186523
6.4351473
6.236683
6.2637167
6.0213537
6.242357
6.0676513
6.195208
6.3730392
6.2929525
6.738302
6.4265575
6.407896
6.372401
6.027891
6.2725472
6.2758007
6.1861267
6.1225023
6.169063
5.936264
5.85685
5.799187
5.9927497
6.2406754
6.1057534
6.461994
6.550293
6.158453
6.3663435
6.362915
6.5386457
6.4633055
6.273654
6.5210795
6.45073
6.652681
6.343524
6.2477317
6.0869727
6.013319
6.0374293
5.9343123
6.097747
5.9042377
6.1214647
6.1333017
6.436157
6.598953
6.3149943
6.518883
6.2507486
6.1238046
6.19062
6.357
6.2985387
6.208949
5.8623357
5.557833
5.561923
5.4990573
5.727151
5.541099
6.1409135
6.204143
6.239597
6.2079344
6.6466956
6.5524054
6.4257874
6.585854
6.385845
6.2859173
6.444489
6.213279
6.093022
6.0656347
6.1651034
6.1894693
6.288065
6.3963337
6.3989434
6.305879
6.4973545
6.21353
6.1146593
6.0595584
6.1883674
6.3178015
6.1950927
6.369563
6.207153
6.375688
6.2708387
6.1639147
5.943283
5.963422
5.812186
6.0994864
6.3548336
6.580815
6.337951
6.186312
6.7156467
6.6581335
6.696164
6.710323
6.6666007
6.8270125
6.6459365
6.603382
6.5258107
6.1719217
6.484804
6.5323453
6.3937693
6.7033525
6.923301
6.6083837
7.009122
6.8132
6.7237883
6.3640428
6.7007957
6.5526075
6.6211166
6.635072
6.527349
6.55219
6.2383175
6.140659
5.9455624
5.7754297
5.845946
5.8480353
5.75149
6.546982
6.530957
6.14336
5.9699683
6.453797
6.5730457
6.7216554
6.586667
6.592173
6.5915866
6.570532
6.596951
6.404112
6.3730464
6.487446
6.700392
6.727792
6.759555
6.449425
6.9154334
6.7329755
6.6703215
6.705637
6.678157
6.4995294
6.5416374
6.5214496
6.6911054
6.275752
6.4986787
6.261613
6.045403
5.8827467
5.894311
5.979667
5.776078
6.244351
6.4159293
6.3548646
6.1435757
