10000
8.673185
8.520366
8.483441
8.587858
8.5177145
8.541438
8.60868
8.540183
8.565332
8.6236725
8.622707
8.639724
8.599835
8.726898
8.628066
8.673755
8.620041
8.605516
8.686218
8.729242
8.692421
8.7076025
8.673704
8.750479
8.661445
8.790033
8.681704
8.760965
8.731801
8.727744
8.774385
8.726502
8.632942
8.627197
8.602906
8.600974
8.570158
8.671744
8.570486
8.61491
8.488907
8.429535
8.441039
8.401617
8.319712
8.163046
7.985464
7.6871715
7.6284785
7.6901374
7.442153
7.529266
7.5210686
7.6049514
7.504021
7.418623
7.344343
7.473081
7.5444193
7.707347
7.827726
8.066329
7.9308467
8.026827
7.903252
7.7441816
7.260262
6.801047
6.8199725
6.448991
6.144814
6.0004754
5.943231
5.8893547
6.0805454
6.093426
5.9822264
5.720567
5.6940093
5.2960596
4.914787
4.73242
4.8154864
4.860599
4.8232017
4.7957983
4.809985
4.7933846
4.7795224
4.718263
4.751298
4.8858514
4.8224196
4.8716793
4.7961345
4.888009
4.9268713
2.4039614
2.4503915
2.4089196
2.4548392
2.3385541
2.2962973
2.3052733
2.3814707
2.2254395
2.1396983
2.299999
2.356209
2.8076158
2.9424462
3.0233378
3.0766442
3.0119753
3.2804625
3.2660184
3.5874097
3.7040288
3.708231
3.7456694
3.7916734
4.10713
4.015648
4.109346
4.1040597
4.161117
4.1921773
4.5806336
4.6134753
4.6802554
4.757351
4.95228
5.0579634
5.0038834
5.011187
4.8180003
4.530859
4.2849216
4.101105
4.24958
4.539781
4.57559
4.521159
4.4401393
4.545997
4.4960704
4.535524
4.348462
4.3882256
4.4417696
4.6196594
4.683908
4.508766
4.543141
4.6054482
4.7924914
4.728684
4.8856506
4.810329
4.6848917
4.738781
4.790227
4.9710846
4.9529543
4.8943677
4.810715
4.899253
4.8926654
4.9797854
4.734772
4.8568473
4.7954683
4.7443256
4.720688
4.6474433
4.785695
4.7826633
4.69326
4.7938194
4.6568766
4.73841
4.5851803
4.385774
4.5176272
4.334627
4.2075043
4.0588202
4.199862
4.13885
4.198432
4.1666565
4.317481
4.448045
4.4749026
4.536258
4.71905
4.8910165
5.0403104
4.9733
4.969327
5.096906
5.1090016
5.1487455
5.0985775
5.1489143
5.187992
5.1566267
5.090908
4.980034
5.059403
4.7872863
4.5572886
4.5628614
4.6474223
4.849098
5.0823216
4.4348907
4.584539
4.723291
4.7521954
4.6017346
4.590484
4.5392113
4.5693707
4.435149
4.4699883
4.470014
4.348899
4.2784057
4.362458
4.2945566
4.3065367
4.3177633
4.251704
4.3475404
4.339047
4.1420455
4.164447
4.190272
4.2685814
4.091729
4.1530113
4.265118
4.179784
4.230717
4.3247466
4.3243947
4.2578974
4.2734003
4.82457
6.1178265
6.1259184
6.1775823
6.3363805
6.065032
6.1856184
6.293308
6.282135
6.3145533
6.2573977
6.3052807
6.408837
6.425836
6.372172
6.3742623
6.385054
6.3576317
6.4071703
6.3971624
6.364843
6.3351803
6.5639763
6.614213
6.6644864
6.6446023
6.6668587
6.6547546
6.5901337
6.6326027
6.614409
6.694561
6.759874
6.7995605
6.7505627
2.1046124
4.1474795
4.2507744
4.217174
4.198846
4.2376976
3.9853194
3.9766505
4.368707
4.252501
4.2925158
4.52407
5.2826705
4.3440747
4.40113
4.060312
4.06318
4.2013617
4.1720514
4.192349
4.3782053
4.3622537
4.479457
4.468265
4.444026
4.56457
4.486571
4.6044393
4.535019
4.4803953
4.6423206
4.4963036
4.441082
4.3481407
4.2490296
4.4783745
4.416614
4.4595146
4.5430036
4.434409
4.6523395
4.6493917
4.531016
4.4230614
4.4826345
4.4222965
4.3738503
4.1512537
4.0913982
4.029898
4.2569137
4.268727
4.1016097
4.2872233
4.215119
4.2517858
4.3469505
4.1911616
4.2481165
4.2831583
4.372921
4.644121
4.49169
4.6256495
4.6799145
4.707439
4.761748
4.750456
4.6665263
4.809624
4.758293
4.835622
4.866599
5.029316
4.9778013
5.006179
4.797194
4.879986
4.7854347
4.7124915
4.710523
4.794489
4.841442
4.715563
4.6375036
4.5908937
4.464754
4.48243
4.5394244
4.577877
4.4458838
4.3206124
4.4649096
4.43878
4.4777484
4.4413977
4.5495577
4.503156
4.467643
4.637946
4.502575
4.355824
4.435876
3.4130757
3.425622
3.7415566
3.7535152
3.7964575
3.7114425
3.6505842
3.57192
3.6202464
3.5144773
3.615497
3.762339
3.8027432
3.7982872
3.9653726
3.9923992
3.9322035
4.0256915
3.9443529
3.7311263
3.8421147
3.6957405
3.6179388
3.4936373
3.5101948
3.6975837
3.6099217
3.768198
3.5038137
3.983089
3.8572767
3.8815687
3.4396064
2.1766331
3.8980784
3.914275
3.5381694
3.6823752
4.474719
5.0750265
4.9129977
5.026935
4.9084578
4.8695693
4.904185
4.9371195
4.7637715
4.869856
4.6270823
4.708893
4.6739974
4.713706
4.5747404
4.684712
4.5668983
4.618861
4.4450183
4.5027537
4.5061364
4.5004253
4.515004
4.476348
4.5019307
4.375149
4.487339
4.366501
4.36681
4.4640036
4.609322
4.700492
4.4920154
4.533038
4.6451554
4.765203
4.6184373
4.4359903
4.520282
4.635318
4.498393
4.758096
4.8011165
4.914252
4.751304
4.7410126
4.7078304
4.8612676
4.9941497
4.773308
4.8584976
5.109643
5.1216946
4.9888525
5.034886
4.9043217
4.6701317
4.545978
4.45087
4.6541567
4.6604595
4.582365
4.553315
4.4168735
4.527578
4.341048
4.212054
4.3101864
4.389526
4.3436675
4.4289036
4.442354
4.2635
4.2420564
4.208274
4.374981
4.1599393
4.1484847
4.0717106
4.0449295
3.7279859
3.8723655
3.8014588
3.8037362
4.1920514
4.5316396
4.506669
4.573823
4.383552
4.519506
4.530134
4.443923
4.3789244
4.224172
4.1840353
4.0876126
4.238906
4.2605586
4.1949434
4.2843843
4.0907207
4.14408
4.146684
4.2358623
3.5881975
6.7892346
7.0484376
7.1474257
7.062468
7.1708355
7.037338
7.2457166
7.194815
7.190257
7.2585917
7.1142216
7.1703806
7.0715847
7.1410236
7.151257
7.0718746
7.0584292
7.156461
7.1241755
7.0668983
7.1924815
7.0322604
7.0539875
7.0558133
7.1085434
6.9608884
7.08627
7.000106
7.11107
7.151567
7.1889906
7.109195
6.9456444
7.0039487
6.644887
6.5364213
6.485299
6.292563
6.3377643
6.3186436
5.975609
5.7821445
5.7849784
5.8543115
5.811415
5.834522
5.771925
5.6379223
5.609037
5.6877804
5.2417693
5.07648
4.8313622
4.835464
4.6900606
4.5525537
4.75463
4.933295
4.86702
4.824189
4.8181276
4.82346
4.6566725
4.7077456
4.683361
4.606402
4.620655
4.434551
4.487838
4.367308
4.1848593
3.9035492
3.7422082
3.806449
3.7511735
3.822401
3.8134232
3.6643245
3.6906824
3.7176442
3.610661
3.7532806
3.8551369
3.8016243
3.856417
4.0268664
4.318674
4.4811463
4.5040774
4.612933
4.630554
4.3696413
4.342265
4.4622617
4.360005
4.262132
4.277449
4.2175775
4.10747
4.1261835
4.1558557
4.0483837
3.8924794
3.8871465
3.7973552
3.525073
3.5339735
3.7152896
3.5883634
3.6041229
3.725879
3.5340786
3.5587285
3.5683086
3.516015
3.4946227
3.2360976
3.3339782
3.3414016
3.3992698
3.490274
3.5524855
3.6420856
3.7689235
4.00759
4.019436
4.0690823
4.20845
4.128142
4.127869
3.9924452
4.0992346
4.1283875
3.9599755
3.9798079
4.0881886
4.3050704
4.2793736
4.4011893
4.389034
4.617831
4.8495064
4.8168936
5.0966005
5.2406487
5.329565
5.367532
5.2677407
5.330134
5.1326704
4.8780212
4.785025
4.6912823
4.7352576
4.561488
4.59485
4.540804
4.48784
4.544546
4.3364863
4.2968283
4.4446497
4.548319
4.620049
4.7882414
4.934016
4.9504704
4.921714
4.9914255
4.845518
4.95785
4.687557
4.8075027
4.744465
4.783799
4.680225
4.476446
4.468543
4.2407775
3.97731
3.7625215
3.9065948
3.9630313
4.205253
4.1795187
4.1473827
4.0912485
3.9888673
3.8715124
3.6199667
3.3364687
3.2458193
3.2721775
3.357065
3.3055925
3.4750981
3.5773232
3.6973
3.8652427
3.9268782
4.180415
4.3691463
4.232868
4.3591466
4.4824643
4.5249996
4.618583
4.63844
4.605967
4.7671747
4.8343177
4.878279
4.811408
5.0769157
5.0992618
5.163878
5.2881365
5.247466
5.3654733
5.457612
5.420614
5.4397807
5.3720093
5.4486113
5.437827
5.2375135
5.269214
5.3306236
5.518395
5.328187
5.074069
5.125937
4.983102
4.8463087
4.486765
3.4889462
3.4642587
3.0926266
3.06538
3.0798483
3.118368
3.0962186
3.1748052
3.0729513
3.051771
3.1809762
3.167904
3.2489064
3.2095845
3.2896216
3.1553469
3.2541785
3.3351803
3.2366834
3.207617
3.244258
3.3518991
3.3664484
3.3250873
3.3349116
3.4087706
3.328168
3.4258127
3.3608804
3.4229038
3.385437
3.523859
3.4748585
3.4768395
3.3790536
3.3376803
3.334386
3.2940893
3.3878822
3.3354561
3.3285694
3.294045
3.3517978
3.3101335
3.240151
3.2498574
3.269483
3.1471357
3.1582665
3.1089525
3.0643487
3.0999727
2.9707143
3.0232062
3.0545855
3.031238
3.06843
3.0352697
3.0628898
3.070163
2.9614606
2.999461
3.0083125
3.0363345
3.0621538
3.6337135
3.5772755
3.493565
3.7679527
4.046618
4.086514
4.1424823
3.8635259
4.27358
4.4362154
4.62269
4.590233
4.7123084
4.584075
4.44236
4.148247
4.0550404
3.942899
3.8695743
3.7703424
3.9924881
3.9534817
4.016053
4.019827
3.9797397
4.0219817
3.915703
3.9180071
3.825079
3.9350238
3.9519153
3.911377
3.9424727
4.094451
3.9750347
3.858346
3.8116505
3.759739
3.9654977
4.3266253
4.09709
3.6327577
3.6300085
4.077423
4.0900784
3.896513
3.9529574
3.9275384
3.7592087
3.7440526
3.5042312
3.4730954
3.5275314
3.2531266
3.4334178
3.4385164
3.5156004
3.537692
3.4823005
3.5705366
3.480283
3.2694407
3.3839145
3.3540547
3.2205524
2.9651864
2.966768
3.0631037
2.866538
3.361931
3.6188602
3.629406
3.3854659
3.2880225
3.3322427
3.3680084
3.533772
3.4717338
3.4100199
3.5480454
3.710701
3.4401228
3.4307346
3.5063467
3.6846952
3.5806108
3.6607742
3.6385207
3.6334658
3.7192297
3.9215462
3.7615721
3.8631127
3.7258954
3.653923
3.5926569
3.3714175
3.629516
3.6278281
3.5958443
3.4885387
3.5537338
3.672044
3.538583
3.792255
4.0163307
4.0912633
4.1849365
4.2917686
4.534406
4.4583797
4.275657
4.279753
3.9367182
3.6036267
3.5775635
3.6231444
3.7275121
3.5554366
3.4866421
3.4910166
3.935349
4.0334377
4.176318
4.037579
4.1268325
4.083605
4.1376634
4.103946
4.2010674
4.0738134
4.299088
4.112741
4.1065216
4.124708
4.014814
4.066415
4.2017245
4.2994366
4.0992737
4.0246086
4.1075134
4.019539
4.064919
4.1164966
4.1082544
4.23155
4.128228
4.1000824
4.2414517
4.086895
4.073191
4.109989
4.1065736
4.230343
4.0820527
4.1637836
4.0839963
4.2029185
4.269982
4.1704803
4.1574917
4.1751738
4.153615
4.129839
4.0057635
3.7202785
3.5649853
3.602955
3.5498805
3.8244638
3.6976156
3.768097
3.7299392
3.7849512
4.031539
4.1019406
4.2714653
3.7642858
3.954102
4.5285606
4.570184
4.6855226
4.603465
4.6835465
4.6169815
4.6024537
4.569442
4.6147428
4.5777597
4.499425
4.558545
4.4529085
4.6527185
4.617226
4.663035
4.5794253
4.5987186
4.562678
4.640166
4.645003
4.532814
4.4730268
4.586119
4.5930653
4.7196455
4.491156
4.4968305
5.928327
6.474621
6.5612698
6.5088987
6.288406
6.238992
6.3781404
6.321146
6.3898864
6.416663
6.3108587
6.3715906
6.356106
6.2733746
6.307633
6.1869884
6.137232
5.976986
5.7589574
5.628
5.349969
4.9603558
4.5155506
4.1323113
4.1324034
4.14137
4.108342
3.8895285
3.8335354
3.766136
3.9022603
3.8787408
3.9559264
4.525138
4.470747
4.673316
4.9390697
4.940104
5.0755568
5.0280914
5.5638466
5.5671377
5.822592
5.991209
5.921989
6.0970306
6.2855663
6.3481884
6.2780514
6.3006706
6.4300976
6.51459
6.4731293
6.2917423
6.2533846
6.269507
6.2506084
6.1407022
5.9207497
6.014535
5.9902854
5.9978004
5.9087396
5.8297625
5.871401
5.8484807
5.8047113
5.8160033
5.8577614
5.8659334
5.864523
5.85041
5.888238
5.8832827
5.755957
5.8686614
5.8960757
5.925884
5.848191
5.8549857
5.771828
5.6640186
5.56188
5.540434
5.562757
5.5397015
5.317114
5.1925893
5.118508
5.158391
5.0266404
5.0403624
5.125545
5.036717
5.0308523
5.027554
5.041155
5.0241494
5.0329757
4.989019
4.9581275
4.953313
5.0200186
5.058859
5.1007614
5.150759
5.3524904
5.283263
5.405836
5.476753
5.44736
5.49626
5.5934033
5.7183905
5.7673545
5.90148
6.0561643
6.066329
6.0831194
6.0356655
6.1008167
6.094818
6.101847
6.1681466
6.1067095
6.1735473
6.066333
5.957965
6.0646915
5.980434
5.97813
6.048914
6.0492945
6.094951
5.9300375
6.1705475
6.0992613
5.97905
5.9299173
5.9625406
5.9055686
5.8120027
5.87253
5.918542
5.929089
5.8065224
5.8820133
5.784232
5.819643
5.858492
5.8025875
5.8218346
5.731518
5.9534817
5.931877
5.951169
5.9938993
5.9365773
6.139873
6.0902157
6.09112
6.159956
6.1640267
6.114197
6.1242785
6.205697
6.1559677
6.2029934
6.041896
6.1156664
5.883217
5.9557657
5.940229
5.991748
5.869215
5.841739
6.012579
5.9607687
5.9557333
5.833296
5.9150095
5.95657
6.0484705
6.0886755
5.981229
6.177386
6.11396
6.0149555
6.037031
6.097827
6.114811
6.2576666
6.1080627
6.2544084
6.1276455
6.2599726
6.099005
6.1228714
6.112625
6.1605263
6.080262
6.122149
6.064322
6.047772
6.0294805
5.9947405
6.05576
5.9566708
5.9308376
6.0199285
5.9660635
6.002136
5.9746456
5.953632
5.925722
5.824072
5.894813
5.8088207
5.7236814
5.733946
5.6504927
5.7447405
5.8013005
5.8170533
5.819824
5.8137164
5.9263124
5.8467937
5.9456735
5.8607054
5.928671
5.753139
5.9240255
5.8495836
5.905782
5.8900146
5.8615775
5.913806
5.90065
5.8686123
5.8453913
5.993043
6.128124
5.9986944
6.0416336
6.0253797
6.0613914
6.1274753
5.9691854
5.957754
5.9915037
6.0554376
6.2500763
6.152449
6.176471
6.1505985
6.0637636
6.2081537
6.245306
6.2536783
6.269027
6.106566
6.065026
6.004717
6.083538
5.915642
6.0818834
5.902178
5.846542
5.9952126
5.8846025
6.085459
5.7400002
5.895852
5.8243737
5.8654213
5.7419357
5.9568133
5.9656806
6.195976
6.0229344
5.9757347
6.185499
6.062055
6.0534143
6.024945
5.9533453
6.048071
6.0820885
5.986848
6.194335
6.0259905
6.005176
6.1270638
6.00624
6.074601
5.951412
5.926484
6.00949
5.990683
6.0735345
5.9380016
5.9788747
6.131691
6.0415106
6.1057363
6.133182
6.0702953
6.1601152
6.1570845
6.17395
6.0842147
6.121057
6.148694
6.240441
6.097127
6.061704
6.0733147
6.0707674
6.1645
6.092422
6.181854
6.1439404
6.1720963
6.17737
6.1695576
6.012005
6.0651336
5.909396
5.8773866
6.056176
5.927742
5.834882
5.9207487
5.910269
5.9871955
5.9817677
5.967019
5.8230743
5.787401
5.6728334
5.618532
5.5517735
5.629832
5.610448
5.426408
5.4880385
5.5871725
5.7349153
5.749896
5.812544
5.9597583
5.8191237
5.6952267
5.739257
5.7739716
5.866343
6.0192904
6.183296
6.2241693
6.1930895
6.133168
6.1091895
6.025118
6.0413485
5.9051394
5.9090786
5.8969746
6.165513
6.057305
6.216539
6.191641
6.1596384
6.083375
6.066
6.0426717
5.9953628
6.0497007
6.1728907
5.99059
5.918223
5.5699577
5.638452
5.52412
5.4699626
5.4634423
5.4671345
5.4863863
5.4756103
5.5033183
5.57542
5.5935597
5.9261866
6.188449
6.329966
6.1290417
6.1364264
6.094179
6.2530413
6.01636
5.974855
6.0421376
6.0749617
6.414909
6.4683294
6.3862853
6.429179
6.437373
6.410513
6.3861613
6.4261394
6.21214
6.190028
6.18674
6.206549
6.1806
6.326252
5.796377
5.7373204
5.6658444
5.646909
5.651072
5.6831245
5.838984
5.9246707
6.1699085
5.9117374
5.907343
5.7611117
5.843338
6.074401
5.8902216
5.7679086
5.8654137
5.9242783
6.2024794
6.4504867
6.1970296
6.18266
6.072466
5.8981924
5.57074
5.315322
5.1935887
5.205084
5.2000484
5.1914663
5.2965994
5.492361
5.517324
5.712468
5.886278
5.5522556
5.149086
5.17883
5.328515
5.4618235
5.264097
5.2408648
5.35119
5.2412724
5.4862432
5.6096296
5.6366987
5.690013
5.819216
5.768463
5.617388
5.6475296
5.561663
5.473675
5.5558653
5.5361404
5.484023
5.598593
5.5712705
5.6959743
5.728153
5.822934
5.8966737
5.829987
5.945846
5.8952465
5.6388764
5.537844
5.2547903
5.2633214
5.2180915
5.2283134
5.169567
5.3133383
5.255251
5.3631325
5.3209023
5.2745137
5.311639
5.413851
5.351468
5.1348805
5.201498
5.103655
5.061036
3.8507674
3.8771472
3.9594262
3.7937808
3.879461
4.0371904
3.9263752
3.8551583
3.8679717
3.8905532
3.9326444
3.9023244
3.9549267
3.84977
3.719057
3.4857144
3.5853667
3.5353088
3.4247284
3.3916433
3.4224398
3.5489564
3.5478656
3.6663742
3.906374
4.0052376
4.38219
4.435802
4.1518126
4.0706983
3.2772307
3.418707
3.3439307
3.4569674
3.6297226
3.5578778
3.6545558
3.6644742
3.4776626
3.6557314
3.7809496
4.0225782
4.0957274
4.099407
4.091829
3.973947
3.8397727
3.841024
3.9918861
4.0310574
4.073666
4.078573
4.127271
4.3149076
4.0724893
4.039228
4.1029067
4.0822377
4.2562523
4.173197
4.2358747
4.1879444
4.248693
4.226926
4.278046
4.255853
4.2453065
4.2462897
4.1603427
4.258197
4.1659636
4.31173
4.1722713
4.274272
4.157028
4.2682037
4.154778
4.2606688
4.160371
4.2672477
4.1887846
4.308515
4.1703153
4.2690578
4.175677
4.3079824
4.184901
4.323006
4.2738676
4.3263035
4.202586
4.265964
4.2538586
4.2759924
4.265396
4.2677426
4.261264
4.235643
4.24886
4.2534876
4.3085427
4.2398853
4.2785187
4.2395897
4.2742004
4.2171626
4.28106
4.2059774
4.246255
4.222756
4.2737103
4.1923637
4.267171
4.1588883
4.2498455
4.213831
4.284301
4.225862
4.1685143
4.2363067
4.241709
4.2396264
4.2928905
4.257173
4.307286
4.3086376
4.311925
4.316976
4.3391194
4.339353
4.23799
4.2841935
4.2359204
4.290668
4.2571654
4.2986984
4.257587
4.299855
4.2485375
4.271199
4.256177
4.3013234
4.2389307
4.317994
4.258771
4.3467126
4.2358985
4.337785
4.3667283
4.3122234
4.3470874
4.3283663
4.3632784
4.3373413
3.8433485
4.1746807
5.0610523
4.859507
4.7600446
4.7177277
4.8420725
4.8213553
4.8944483
4.9386973
5.217397
5.1856284
5.3933764
5.346073
5.454108
5.408682
5.5368237
5.40433
5.551485
5.3267956
5.574823
5.3838778
5.518999
5.2739887
5.3436065
5.5813475
5.381503
5.40853
5.4068365
5.3917274
5.2556233
5.444083
5.473307
5.507883
5.589208
5.6552014
5.6847267
5.701545
5.8964005
5.8934402
5.906588
5.890445
5.902301
5.870561
5.9205837
5.8199334
5.906783
5.868458
5.8377
5.824462
5.8612547
5.86214
5.896017
5.808951
6.0313272
5.8974323
6.0559263
6.005491
5.964426
5.976132
5.9856086
6.046306
5.9966726
6.0077643
6.012463
5.9975314
6.0670304
5.920943
6.111032
6.073958
6.090206
6.2835035
6.174178
6.199182
6.190686
6.2548485
6.2759676
6.2914295
6.3635626
6.254447
6.291332
6.33916
6.232033
6.2575035
6.2733707
6.262468
6.2270117
6.2696815
6.1724014
6.27939
6.29821
6.1876874
6.1891365
6.1313567
6.112806
6.1817064
6.1222067
6.074636
6.107824
5.986521
6.065707
6.052557
6.0924892
6.0567207
6.2077866
6.1630745
6.142567
6.0870132
6.0588937
5.874077
5.8602057
5.796382
5.8275614
5.885722
5.704839
5.8687015
5.8518767
5.7524624
5.97245
5.593525
5.4701934
5.2122707
5.385342
5.231016
5.476111
5.5193067
5.5702305
5.547243
5.6093245
5.427912
5.2739997
5.675866
5.5789127
5.5868673
5.4325657
5.672598
5.780696
5.70765
5.932407
6.1403904
6.208548
6.2628207
6.2360954
6.186124
6.1380777
6.1077466
6.134622
6.0735664
3.98466
4.0798182
3.9317956
4.037911
4.031121
3.8971703
4.156654
4.0421476
4.172074
4.23188
4.2464356
4.0481367
4.3630657
4.405325
4.481027
4.482877
4.49541
4.527146
4.5481596
4.480648
4.65917
4.756568
4.772416
4.8153577
4.7472982
4.8726306
4.9500995
5.0260944
5.176503
5.027094
5.0910654
5.2033854
5.175927
5.25838
5.2520714
5.3847656
5.4051523
5.3909445
5.361551
5.3991
5.305332
5.378769
5.5310583
5.4116015
5.4704537
5.46953
5.526002
5.386274
5.377886
5.2928257
5.377743
5.4066253
5.411874
5.447757
5.428295
5.4846525
5.4730597
5.4740925
5.487837
5.359052
5.3621716
5.4071407
5.4003963
5.4374585
5.41895
5.4507227
5.3450737
5.337063
5.2966037
5.2731066
5.22699
5.2807336
5.3429503
5.3283944
5.3621755
5.2746754
5.253803
5.328123
5.3909135
5.343711
5.27227
5.162161
5.1580715
5.1301827
5.1790543
5.2000184
5.0096717
5.076689
5.018054
4.9589024
5.0290895
5.0501103
4.9618297
4.8977923
4.941577
4.907283
4.9503355
4.8982654
4.9919233
4.9788427
5.029374
5.04292
5.093996
5.225248
5.1346874
5.085818
5.008397
5.1553125
5.0494633
4.933124
5.10563
5.2955766
5.4067326
5.3020997
5.3156757
5.2039013
5.2830415
5.3165145
5.4569993
5.4249372
5.488029
5.4094057
5.588869
5.531977
5.585606
5.749308
5.7768984
5.7129517
5.7489696
5.703105
5.844947
5.5563984
5.4923944
5.6056323
5.5316553
5.8161993
5.7849503
5.7171044
5.6972437
5.664782
5.7430525
5.6512737
5.7533164
5.689888
5.671811
5.5814543
5.6699944
5.6215844
5.76844
5.7004895
5.6520314
5.6882586
5.733041
5.598985
5.631061
5.5373354
5.6170163
5.71233
5.5560093
5.6081614
5.609531
5.6531487
5.6163573
5.6745625
5.612381
5.559803
5.660537
5.7311172
5.683843
5.7073317
5.6219482
2.3234053
2.4893851
2.4624434
2.698663
2.3491597
2.354247
2.5044088
2.5697026
2.5163157
2.498362
2.658966
2.455917
2.3857129
2.42773
2.4182754
2.3467257
2.4032764
2.422071
2.3365977
2.3379593
2.3546724
2.357985
2.4055521
2.3065357
2.3371053
2.2794793
2.2537484
2.1471624
2.3460386
2.372043
2.2600539
2.2896168
2.3064475
2.392152
2.4304442
2.4159176
2.3875961
2.3744025
2.328923
2.3650289
2.2983468
2.5088985
2.4524593
2.4927006
2.3966637
2.6070092
2.507011
2.6295826
2.5978103
2.6031349
2.900484
3.0575671
2.92603
2.9975808
3.2297947
3.5804696
3.8052144
4.0373387
3.8010833
4.5004663
4.9465356
4.9406133
4.998796
5.036377
5.088265
5.3359056
5.376302
5.528149
5.525527
5.612605
5.7646585
5.5522776
5.527388
5.601724
5.719922
4.673846
4.7873206
4.712353
4.803663
4.9321604
4.8969674
4.9627438
5.00409
4.987963
5.132764
5.156551
5.3607397
5.4357085
5.5443225
5.4573
5.503005
5.5434813
5.6839266
5.54725
5.643885
5.5858326
5.7723904
5.948888
6.0289125
6.209531
6.358282
6.2778835
6.1777925
6.1956096
6.0963054
5.992206
5.9533596
5.8678246
5.8707037
5.8684688
5.8632035
5.7596483
5.7602167
5.835505
5.8438187
5.825045
5.8279514
5.9410043
5.817072
5.7902884
5.832709
5.75882
5.75181
5.7235713
5.6294775
5.6485615
5.4916573
5.4337997
5.2789364
5.220924
5.1003118
5.0426087
5.040446
5.210697
5.0207915
5.068669
5.1611395
5.168389
5.087625
5.161913
5.056401
5.0797095
4.977723
4.882871
5.0287304
4.981392
5.046734
5.0655475
5.054388
5.009197
5.051261
5.0837483
5.056984
5.0542865
5.0739675
4.9989038
5.169374
5.1308274
5.1343317
5.1059575
5.218254
5.2538714
5.2566466
5.2832465
5.2683535
5.338711
5.2419314
5.174494
5.156435
5.1510916
5.2506037
5.279401
5.2881484
5.217726
5.2278256
5.2593603
5.2225976
5.3236203
5.296023
5.3719425
5.259826
5.3091664
5.27827
5.2708607
5.2484317
5.2396336
5.30964
5.3049426
5.3558474
5.303495
5.336879
5.4141173
5.462468
5.373434
5.4453864
5.49432
5.476403
5.449961
5.418162
5.473402
5.496628
5.3924856
5.4344525
5.43188
5.5143156
5.454518
5.5150647
5.4965096
5.5020466
5.496287
5.551107
5.521209
5.5774565
5.565418
5.6145573
5.608171
5.59088
5.6158967
5.613548
5.6722426
5.7119303
5.7845755
5.690361
5.7750845
5.6337714
5.6154413
5.6250787
5.6755624
5.646429
5.676832
5.717623
5.6609716
5.678638
5.6670456
5.6229506
5.746377
5.772462
5.793642
5.750976
5.811671
5.7759533
5.7940335
5.6542883
5.566594
5.584197
5.353478
5.371572
5.435431
5.3373723
5.435699
5.221522
5.224558
5.229965
5.3197346
5.324756
5.222542
5.1669383
5.239046
5.209501
5.2512155
5.269658
5.143096
5.242621
5.255348
5.236391
5.137476
5.1779747
5.0234547
5.13391
5.0616255
5.1576757
5.188204
5.2012625
5.341422
5.1813564
5.355935
5.366729
5.3841476
5.390724
5.4027166
5.422607
5.360703
5.4411325
5.3853936
5.4176965
5.3835564
5.3933306
5.3775253
5.500805
5.4212747
5.461565
5.3597345
5.370529
5.265154
5.350524
5.279616
5.189644
5.2360497
5.0856376
5.2158175
5.2015224
5.2247257
5.0789547
5.1604023
5.242369
5.194467
5.060794
5.1590495
5.1201468
5.1272006
5.0860877
5.1772566
5.2976384
5.2298265
5.149414
5.0625753
5.171422
5.170453
5.120417
5.177464
5.3297753
5.3425584
5.3436675
5.4711623
5.5179367
5.694718
5.6825814
5.762
5.900859
5.961622
5.970882
5.985647
5.9508476
5.9569707
5.9453416
6.007005
6.0216465
5.989999
5.9964623
6.0189624
6.01328
6.1301427
6.194555
6.276385
6.2912107
6.223467
6.2199273
6.210355
6.266867
6.270772
6.3682723
6.300369
6.2238655
6.3084846
6.15114
6.2360826
6.1601796
6.1791115
6.2057
6.1716747
6.146194
6.1861844
6.1793933
6.2044854
6.259341
6.1887226
6.219494
6.1967993
6.157017
6.202829
6.2513976
6.2052746
6.2229223
6.172729
6.16185
6.240995
6.1267357
6.1761456
6.151659
6.1867766
6.168716
6.124082
6.1102815
6.1276455
6.119305
6.114171
6.0254207
6.091906
6.091783
6.091027
6.0868287
6.069508
6.0572753
6.0329127
6.009823
5.9654946
5.896802
5.89311
5.9379153
5.9079804
5.981795
5.9881315
6.052756
6.032297
6.1118984
6.138274
6.1437516
5.916708
5.8611646
5.758538
5.7293925
5.5654407
5.4439626
5.4145393
5.081266
5.0585704
5.0402756
4.9657655
4.9710445
4.9871984
4.800491
4.9019647
4.880014
4.8415575
4.945855
4.886667
4.708784
4.6980333
4.792352
4.7506256
4.7335134
4.742441
4.816638
4.746214
4.879619
4.7988644
4.9229407
4.9102426
4.958533
4.8730955
4.8497906
4.852819
4.8874044
4.845862
4.9402003
4.959518
4.959016
5.006138
4.9457455
5.025715
4.977791
4.9768167
4.958304
4.9253845
4.9698772
4.925086
4.971064
4.9459114
4.9692883
4.9837146
4.9675198
5.006197
5.0162444
5.0100474
5.043248
4.998309
4.99586
4.9975786
5.0442276
5.011615
5.006833
4.9975357
4.9991837
5.0210886
5.012205
4.974202
5.0204263
5.043147
5.0217924
5.0230117
5.0119
5.0013485
4.999369
5.0009494
4.9897356
4.978909
4.941162
4.9437394
4.962273
4.9722257
4.9332294
4.891514
4.9048257
4.9623604
4.9281616
4.9637733
4.9166794
4.9336824
4.903335
4.869356
4.9131255
4.8978014
4.8656898
4.9237814
4.8918076
5.0007243
5.1148562
5.2584524
5.2135715
5.272491
5.33329
5.280753
5.2047205
5.1977215
5.1295385
5.0842085
5.1257744
5.1992946
5.12758
5.244031
5.165827
5.2360344
5.2014456
5.1654625
5.1479254
5.236515
6.3929734
6.3851876
6.458988
6.348876
6.2496758
6.20739
6.1919994
6.169255
6.2094097
6.0487256
6.0915008
5.9976273
6.065795
5.9911604
5.968356
5.9776754
5.918216
5.9295077
5.940835
5.9367504
5.8617983
5.890087
5.870692
5.8527794
5.8895307
5.964292
5.9631248
5.8728228
5.9679656
5.915472
5.910181
5.846091
5.890472
5.885494
5.8694463
5.912629
5.89834
5.9070024
5.9207654
5.9055214
5.8907332
5.878618
5.8738832
5.8980603
5.9101624
5.9382
4.960443
5.0170527
4.918204
4.9696608
5.0445337
5.013227
5.0809445
5.152128
5.0135207
5.220995
5.063467
5.1939697
5.08642
5.2643385
5.044561
5.282476
5.0971637
5.2566886
5.055207
5.266187
5.091375
5.2500544
5.11664
5.332079
5.1713896
5.315196
5.1257133
5.3424897
5.151554
5.3278084
5.054577
5.2808614
5.1760097
5.27053
5.1372004
5.2555656
5.137409
5.2767644
5.1279497
5.332004
5.13592
5.329668
5.126851
5.313807
5.1386056
5.263133
5.145328
5.2696295
5.074239
5.291425
5.13657
5.3274417
5.1101775
5.306287
5.105889
5.2893987
5.099986
5.3091936
5.101859
5.3341255
5.1508603
5.3582044
5.1964555
5.347849
5.174245
5.3801036
5.1900034
5.3455877
5.2240353
5.347184
5.205271
5.35617
5.275783
5.266662
5.2816477
5.3527327
5.312092
5.364078
5.2954593
5.2058845
5.2517004
5.1819963
5.163204
5.2029634
5.1352673
5.217332
5.139315
5.214205
5.1254396
5.2881145
5.1247034
5.247841
5.1056485
5.3227935
5.1399446
5.316527
5.1986074
5.2624316
5.198021
5.30497
5.1944113
5.3210936
5.233384
5.3340044
5.233051
5.2619495
5.2079906
5.3068113
5.185191
5.317481
5.2307696
5.3176427
5.2440658
5.228325
5.2285295
5.3039894
5.180008
5.2012444
5.2224274
5.2042127
5.1888227
5.2814326
5.1882973
5.25673
5.1552544
5.240904
5.1711326
5.240186
5.1930866
5.2249126
5.1935534
5.2305727
5.1189227
5.2203135
5.1242595
5.1032844
5.1110086
5.176938
5.153797
5.1594653
5.134426
5.1590204
5.1146126
5.133399
5.112179
5.157546
5.0811563
5.1363096
5.112704
5.1685314
5.0731673
5.1599107
5.1691008
5.2160273
5.1815453
5.231711
5.1495514
5.1850567
5.142765
5.2467923
5.1741767
5.207146
5.2052665
5.21828
5.195658
5.1581097
5.2314863
5.1861167
5.219883
5.1666546
5.183873
5.144381
5.2039957
5.1455245
5.17087
5.162962
5.160932
5.1062446
5.1327934
5.1574416
5.0857034
5.166329
5.1269717
5.1874256
5.0688725
5.2321405
5.077938
5.1955614
5.071103
5.179538
5.0938253
5.1312823
5.112818
5.122439
5.0918746
5.1339054
5.0876412
5.1971006
5.09308
5.177213
5.1712837
5.1966405
5.169623
5.1696296
5.2003393
5.1613503
5.1572456
5.1769886
5.1030717
5.1851935
5.195609
5.2309375
5.2027454
5.245745
5.2272916
5.266682
5.21688
5.89115
6.0475435
6.056266
5.857747
5.9856744
5.8751874
5.981307
5.9395247
6.008816
5.895094
6.0492167
5.939297
6.0565763
5.945502
6.05587
5.920471
6.0498705
5.9427795
6.0670714
5.9389277
6.0186815
5.925148
6.0239525
5.8713655
6.0042663
4.8213987
4.579466
4.6256294
4.619315
4.633583
4.5881667
4.6023493
4.718996
4.650964
4.6854105
4.6252246
4.640023
4.632534
4.611915
4.6066732
4.5978384
4.6011558
4.7111797
4.593513
4.5974007
4.5950413
4.552769
4.599385
4.611371
4.673965
4.599677
4.6073723
4.575732
4.594819
4.578984
4.6195517
4.6217413
4.576179
4.640051
4.5633087
4.5676417
4.570813
4.559118
4.581751
4.529041
4.591146
4.5195203
4.5105076
4.5298457
4.504625
4.508605
4.419368
4.449732
4.406251
4.4930444
4.31172
4.4640193
4.345124
4.473776
4.33068
4.3751216
4.3119392
4.2965436
4.3567953
4.2457476
4.3749223
4.106234
4.239572
4.2164993
4.124048
4.02579
4.1752634
4.1625786
4.2278886
4.1787825
4.2076693
4.3149524
4.316993
4.3591003
4.4291954
4.527916
4.634673
4.6916285
4.6421013
4.6959014
4.623144
4.6882186
4.591494
4.6496897
4.7392883
4.792863
4.985553
5.0018377
4.9703016
5.073517
5.207377
5.133971
5.2187
5.1502857
5.2136726
5.1885777
5.4097114
5.3617306
5.4596972
5.509222
5.559853
5.5896063
5.6080246
5.5978074
5.567592
5.732076
5.6169844
5.6514735
5.6701965
5.661251
5.6460466
5.707866
5.7047772
5.73337
5.7317123
5.743797
5.8395348
5.7468686
5.826768
5.8126388
5.892892
5.8296204
5.8486147
5.810669
5.8478074
5.8376145
5.8603115
5.87588
5.9064493
5.883841
5.9118466
5.943112
5.9750185
5.907506
5.9798603
5.928951
6.086119
5.9644856
6.090068
6.0372353
6.1719804
6.044454
6.157344
6.1044044
6.1236806
6.1507645
6.214303
6.0909266
6.140202
6.1870985
6.2018228
6.185163
6.1296544
6.1320925
6.079921
6.082141
6.034498
6.0677466
5.9365077
5.8839183
5.7428007
5.7351694
5.657001
5.626603
5.5426383
5.4966965
5.4179335
5.5246067
5.5353847
5.5113354
5.613339
5.5811424
5.64759
5.595444
5.5695796
5.5580316
5.696058
5.5872693
5.698226
5.6054826
5.735758
5.592997
5.6118135
5.5903125
5.6362615
5.555522
5.635995
5.589365
5.666211
5.5724964
5.635636
5.5573297
5.641428
5.6522374
5.601643
5.6171002
5.5096126
5.6101704
5.539722
5.5311728
5.5189123
5.499008
5.565306
5.473466
5.4066315
5.516901
5.4538674
5.4454427
5.37708
5.419996
5.4081364
5.36913
5.402794
5.354153
5.410278
5.3992615
5.397977
5.3766828
5.379397
5.391381
5.410107
5.4175897
5.397283
5.314228
5.3245955
5.2987447
5.272593
5.245494
5.2368894
5.2275257
5.245951
5.2051287
5.1036034
4.9851227
5.112968
5.0890026
4.9636602
4.926465
5.1002426
4.882913
4.9409733
4.9362316
4.861229
5.043391
4.9039426
5.0151796
4.877419
5.0130987
4.8364
4.9244547
4.8695946
4.943329
4.8204856
4.9365697
4.830805
4.9397697
4.808376
4.9176826
4.7769685
4.9120193
4.769269
4.9047923
4.7626085
4.8628654
4.722453
4.8069696
4.7520585
4.8269277
4.756794
4.8502254
4.7223325
4.766163
4.7213774
4.7610865
4.737544
4.7559605
4.6838408
4.7115684
4.7122993
4.7642436
4.674412
4.740805
4.6785545
4.7209682
4.6946745
4.7799053
4.661405
4.6893764
4.652571
4.7482333
4.708999
4.818972
4.7696233
4.7535086
4.811635
4.777179
4.8304415
4.735373
4.8207426
4.7598352
4.866481
4.7373343
4.868937
4.757523
4.8532057
4.8792186
4.9156713
4.8377714
4.8991914
4.838018
4.93103
4.8840194
4.9148273
4.8514442
4.899427
4.7526712
4.872981
4.8030596
4.7771115
4.8004923
4.8975873
4.785366
4.9641013
4.8142405
4.855024
4.8043466
4.8495545
4.80989
4.887474
4.7367764
4.880001
4.779427
4.8234386
4.7296624
4.870367
4.7037306
4.844018
4.6898065
4.8449907
4.6759257
4.8088284
4.6707287
4.785148
4.670583
4.834419
4.6814985
4.8123074
4.7264457
4.802764
4.700615
4.8080497
4.7009964
4.789261
4.7201366
4.790201
4.750205
4.80782
4.7280483
4.819638
5.76713
5.882188
5.847576
5.795501
5.8468823
5.7932158
5.8538656
5.761238
5.8600235
5.791906
5.8535886
5.753378
5.8904366
5.830592
5.8506613
5.814197
5.896683
5.8655396
5.9718413
5.850051
5.9358363
5.884772
5.96071
5.9287686
5.9650836
5.905626
5.945878
5.849123
5.939449
5.877159
5.8988905
5.861441
5.9282293
5.9145637
5.9156165
5.948962
5.9305277
5.894823
5.9968286
5.9611497
5.978379
5.9132247
5.981416
5.9721546
5.9463687
5.9575195
5.9644437
4.2286143
4.191838
4.2225213
4.2228637
4.1781087
4.1408844
4.2091513
4.131396
4.1741714
4.2113295
4.2505674
4.241066
4.2416553
4.229096
4.0752482
4.2432094
4.052536
4.256145
4.3356576
4.611106
4.5381255
4.4737988
4.5982494
4.443971
4.5547457
4.528468
4.554322
4.517671
4.563353
4.5751457
4.557932
4.4322667
4.5987477
4.45839
4.598535
4.519296
4.6349516
4.605806
4.4763565
4.5471077
4.5306373
4.6270556
4.535264
4.5201936
4.6692452
4.71492
4.7378187
4.7289143
4.7160883
4.677498
4.6321
4.701766
4.6670113
4.6649165
4.6915197
4.7582445
4.742072
4.849491
4.833106
4.7418237
4.6752124
4.6643515
4.6845083
4.56211
4.654025
4.605606
4.6226926
4.5663414
4.661136
4.5692463
4.6273093
4.5116506
4.628763
4.5788074
4.600636
4.5212984
4.633119
4.6001806
6.202713
6.265023
6.16976
6.1827216
6.2453637
6.1736064
6.2139153
6.215109
6.320019
6.2468624
6.2733564
6.206861
6.2724915
6.2450104
6.2414403
6.215639
6.3002768
6.259382
6.3402987
6.3576546
6.3773203
6.425849
6.433973
6.4035788
6.368221
6.414593
6.334334
6.307014
6.252817
6.279852
6.174868
6.2558875
6.353999
6.589532
6.6429195
6.639193
6.526586
6.3892117
6.291058
6.265004
6.2886524
6.125656
6.0801706
6.0060415
6.0215993
5.9812436
6.0013895
5.9865484
5.968058
5.9385276
5.9075503
5.8589334
5.8937783
5.886536
5.7810955
5.8698616
5.760059
5.8334746
5.8189282
5.875007
5.9625516
5.93281
6.033873
6.0658846
6.0761423
6.109313
6.215018
6.118463
6.193258
6.1476183
6.171703
6.267441
4.6118007
4.749163
4.8480225
4.9964495
5.043642
5.153982
5.1598086
5.2025504
5.2260847
5.301217
5.235153
5.288525
5.168359
5.2893662
5.1966023
5.3328176
5.207263
5.313311
5.3631387
5.296155
5.354753
5.3188567
5.408701
5.2728586
5.410615
5.3606234
5.312424
5.4191127
5.2782373
5.4551873
5.273928
5.438912
5.320277
5.4489374
5.349533
5.394266
5.403523
5.342714
5.306766
5.4222207
5.4686294
5.376095
5.492263
5.3899198
5.582543
5.422118
5.5510273
5.4360695
5.539925
5.4636345
5.533641
5.4667544
5.5720863
5.502905
5.614406
5.566038
5.601296
5.591775
5.593604
5.734967
5.635101
5.7168174
5.608867
5.7546463
5.6519127
5.8011866
5.8016434
5.8496227
5.7895994
5.789278
5.7089033
5.744035
5.732425
5.7823143
5.7077613
5.750403
5.671695
5.79855
5.6834607
5.7327332
5.6941657
5.764939
5.6396303
5.744355
5.6979356
5.707714
5.6815653
5.697315
5.6828895
5.618169
5.5992703
5.6586576
5.643621
5.6124086
5.58851
5.587223
5.573942
5.5672793
5.57557
5.601805
5.618993
5.662073
5.7001905
5.6743813
5.679702
5.782424
5.68709
5.8199744
5.7211423
5.8200727
5.61689
5.753269
5.6674848
5.7848215
5.6978025
5.8265324
5.734213
5.840239
5.7539
5.8223467
5.748316
5.765085
5.7297754
5.8471546
5.7109847
5.7107067
5.706625
5.6827955
5.7190857
5.593534
5.7074356
5.62769
5.7117314
5.5971847
5.6884785
5.6606317
5.6485534
5.549915
5.644035
5.6348414
5.6519656
5.640516
5.6123953
5.6515613
5.549429
5.6362686
5.607048
5.6008964
5.6748204
5.6307354
5.663912
5.578242
5.667521
5.565643
5.5931187
5.6449604
5.586955
5.600732
5.5510316
5.542647
5.512587
5.507884
5.579229
5.5384603
5.5505667
5.5287886
5.5592246
5.574479
5.5618434
5.5041413
5.4728203
5.551063
5.4814363
5.5343833
5.4570775
5.6074824
5.517237
5.567221
5.5782957
5.56644
5.5514154
5.54332
5.521886
5.5667367
5.515731
5.5562706
5.506614
5.548668
5.455798
5.493793
5.4994807
5.43829
5.4773574
5.4320984
5.4723024
5.429016
5.4101024
5.4744387
5.476838
5.426401
5.3531156
5.4397006
5.3864346
5.4310904
5.3371844
5.3226604
5.386512
5.423945
5.3510323
5.413304
5.321877
5.3709784
5.459244
5.338851
5.3231688
5.3690233
5.407328
5.375288
5.4064455
5.3817816
5.367279
5.3700514
5.442971
5.379582
5.381193
5.381333
5.427156
5.374664
5.418661
5.368589
5.384553
5.364862
5.3451657
5.357162
5.3406444
5.344937
5.368422
5.3501797
5.3635736
5.308728
5.368861
5.3425894
5.3831615
5.3384333
5.3532834
5.4027433
5.425627
5.4320755
5.416276
5.448161
5.4520802
5.473928
5.4313555
5.440831
5.486244
5.43714
5.4768777
5.4467053
5.423478
5.402982
5.36419
5.3882008
5.40707
5.377398
5.444559
5.451892
5.5021644
5.450702
5.4691887
5.5070577
5.496552
5.5247254
5.591812
5.5597143
5.6213145
5.6048393
5.6500454
5.5651703
5.6253967
5.578836
5.6185226
5.637852
5.718296
5.6947484
5.761908
5.719835
5.770809
5.739369
5.736781
5.7632236
5.6910686
5.7103996
5.7100997
5.6795583
5.6991615
5.67794
5.6939163
5.718329
5.774514
5.734845
5.768911
5.734689
5.82532
5.6903677
5.848187
5.7633324
5.846101
5.8140464
5.769899
5.7208304
5.6775985
5.727113
5.6335783
5.67389
5.6263933
5.596818
5.600432
5.595887
5.6069016
5.626074
5.6164618
5.6229086
5.6507015
5.5944824
5.6225433
5.482618
5.6285486
5.440695
5.573493
5.4566183
5.434309
5.501877
5.4256625
5.383145
5.426761
5.50519
5.379036
5.4524612
5.405363
5.4521484
5.5099897
5.458905
5.595146
5.511511
5.527478
5.582579
5.567824
5.6762066
5.7046733
5.7036176
5.672836
5.640618
5.7173104
5.695776
5.848496
5.7904844
5.689273
5.7915535
5.7914352
5.753452
5.769208
5.7012444
5.779418
5.81449
5.8200984
5.8142114
5.761805
5.775777
5.8506308
5.7800474
5.774438
5.7777653
5.800271
5.817257
5.903028
5.879761
5.9759703
5.9453616
6.0379663
5.88445
6.0237417
5.902366
6.0517864
5.880326
5.9345374
5.9278097
5.910032
5.9628367
5.9748964
5.958339
5.8617053
5.8051157
5.892456
5.84896
5.8508415
5.849466
5.940697
5.8834143
5.9066215
5.853825
5.931842
5.889982
5.8448043
5.8914967
5.862493
5.84266
5.844936
5.8878345
5.81278
5.8346295
5.8229446
5.8377934
5.8206477
5.731971
5.7477016
5.7718906
5.90083
5.8280687
5.8765554
5.833912
5.8465295
5.772718
5.8222427
5.8714194
5.7955723
5.932561
5.839212
5.901659
5.8123727
5.902924
5.803496
5.983671
5.8467317
5.980682
5.766949
5.8228006
5.7731733
5.843486
5.74494
5.833117
5.6909413
5.754467
5.6974063
5.7419868
5.719012
5.783189
5.7533917
5.821398
5.8331366
5.8477407
5.8575344
5.9017143
5.826578
5.8516574
5.7701235
5.7989373
5.721687
5.6861887
5.647453
5.6830735
5.6526704
5.6437254
5.5270624
5.556304
5.4848895
5.4762783
5.534832
5.4995427
5.4861493
5.48269
5.449965
5.554053
5.4171276
5.491093
5.499826
5.523804
5.50301
5.4584937
6.0894856
6.192379
6.145052
6.199307
6.173672
6.3716307
6.452293
6.4644446
6.4815574
6.497958
6.5787926
6.60372
6.547853
6.5896378
6.69583
6.713234
6.690993
6.9192033
6.7963505
6.834925
6.7541823
6.6182847
6.5457826
6.5419755
6.411294
6.387221
6.274649
6.2387023
6.1943965
6.3398123
6.208419
6.2879276
6.3632817
6.36329
6.3139334
6.4845114
