10000
7.7511854
7.73363
7.474724
7.2912316
7.189452
6.899269
6.5796375
6.540385
6.675043
6.906906
6.9860916
7.1260295
7.1691475
7.1728873
7.251562
7.314822
7.158781
7.038638
7.1956196
7.199161
7.6444283
7.709878
7.5958962
6.9268956
6.2345133
7.2090344
7.5741587
7.577408
7.414351
5.9951367
4.1519403
4.145453
4.7009296
4.701636
5.0813637
5.329489
5.3361216
5.284319
5.2438936
5.1322336
5.063271
5.1216164
5.463866
5.1067424
3.5576272
3.6270702
3.8833127
4.2037387
4.6438766
5.0965257
5.4843655
5.9845057
6.1756086
5.7907248
5.1470876
4.868146
4.804794
4.8773994
4.7985506
4.8028636
4.804018
4.9721756
5.2520094
5.309942
5.753147
5.9252872
6.116727
6.049181
5.934013
6.2179794
6.395142
6.42061
6.526168
6.802784
6.878597
6.929846
7.2034655
7.404084
7.3064623
6.8566847
6.147572
5.080099
4.95096
5.3582835
4.7383304
4.401269
4.1803064
4.245434
4.106386
3.5673459
3.9483507
4.386611
4.41568
4.105562
3.1949368
4.0921283
4.5376563
5.0633926
5.2555094
5.2081537
4.907134
4.1692176
5.241627
5.735815
6.509385
7.2644286
7.976845
8.164782
8.302408
8.204765
7.479876
7.46038
7.8707027
7.4888663
7.097381
7.0762725
7.2476244
7.744916
7.78755
7.4744196
7.3205194
7.214638
7.5564394
8.000567
7.87803
7.7603283
7.6668644
7.4925632
7.5487275
7.427058
6.9826384
6.0733604
4.408615
3.619962
3.5085506
3.109804
2.5608785
2.5569854
2.5761228
2.7936566
2.7932003
2.610928
2.6096213
2.8222535
2.5241048
2.7495852
2.7870433
2.6308403
2.9316926
0.60765135
0.642205
0.59648144
0.59795195
0.586373
0.5749487
0.60974437
0.5365048
0.49076992
0.48554155
0.43568406
0.45709944
0.44609696
0.43116534
0.4386391
0.46469474
0.5583147
0.5221759
0.51514614
2.534762
3.1538236
3.6892986
3.6908255
3.3072789
3.6041136
3.4249763
3.4897857
3.548662
4.024188
5.2176423
6.6832724
7.5220966
7.2104344
6.9980955
7.389901
7.043867
6.6409006
6.249525
6.516392
6.6635857
6.7781224
6.5731854
6.2622666
6.0049996
6.101136
6.0574036
5.8996797
5.6985273
5.8255787
5.7130747
5.6507998
4.003837
2.890827
2.4935436
0.2646383
0.2934808
0.30088404
0.29780403
0.3860297
0.3967719
0.39152467
0.37510598
0.31866983
0.35122466
0.32006827
0.34189865
0.3812272
0.37604973
0.4068136
0.3876567
0.39250934
0.40804362
0.41277373
0.3889374
0.4059626
0.4615042
0.47390938
0.5266464
0.5065084
0.5160997
0.55446297
0.5619395
0.55557644
0.53874254
0.5409269
0.5742543
0.5859982
0.5303021
0.5536037
0.5154491
0.5190945
0.443641
0.54311264
0.5615627
0.38962883
0.39629814
0.38569313
0.36878672
0.35079715
0.38618368
0.379518
0.39042753
0.3854965
0.40343764
0.3589097
0.34997374
0.30523297
0.31815743
0.3750226
0.3340409
0.3308736
0.29528263
0.31138992
0.37351263
0.37867978
0.3097177
0.3163126
0.32406652
0.3412122
0.334597
0.31643012
0.33572412
0.3336589
0.26160383
0.27418184
0.27783334
0.24551845
0.25496253
0.2776782
0.28854606
0.33424106
0.30476886
0.28275836
0.2749108
0.29426494
0.26517293
0.28944016
0.28914768
0.27872017
0.30489418
0.28233546
0.30269417
0.28664675
0.30753154
0.28855592
0.35156354
0.35994077
0.4059638
0.37496126
0.3766229
0.32926133
0.341869
0.32854977
0.32042676
0.31433803
0.34512872
0.3517161
2.249784
4.183574
4.455886
3.57846
3.651105
3.7078605
3.219543
3.9085164
4.1036205
4.177148
4.16607
4.248417
3.4407911
3.139905
3.1865175
3.3186593
3.285688
3.143546
3.0107841
3.4753513
4.2080135
4.3759966
4.811104
2.731499
3.0922904
3.1952877
2.5989416
3.6257648
3.9451904
3.3368802
3.2645922
3.4542248
3.5156655
3.1048553
3.038007
3.3214324
3.4448142
3.288674
2.9855459
1.9220687
1.322524
1.346997
1.261562
1.4991722
3.0287647
2.7621424
3.4345076
3.0475168
3.6198852
3.7130394
3.3997672
4.139542
2.9353979
2.6463058
2.8870692
3.011427
2.8274508
2.990167
3.3193438
3.4799552
4.329312
4.6369743
3.7094584
3.9458241
4.3297997
3.2079751
3.7473888
3.9023905
4.6047497
5.1904335
2.4325664
3.6572587
4.1493735
4.3177304
1.39769
0.4809941
0.9149114
0.4735043
0.5851798
0.37136883
0.56306833
0.30188012
1.1945903
3.2053895
4.099966
4.488497
3.8126779
3.7849672
3.1619587
2.9283292
2.6710207
2.6471534
2.6357107
2.3437908
2.389292
2.9328377
3.2447238
3.1501708
3.1355593
3.4339545
3.5572994
3.7427862
3.4068742
3.4313517
3.7626681
3.4671354
3.1765447
3.518423
4.922637
4.9790993
0.8222388
0.74133
0.8422504
0.8007444
0.73687375
0.9449124
0.70373046
0.88639325
0.78662854
0.73305655
0.727314
1.7288015
2.8722906
3.6286907
4.289782
4.8320346
3.7560456
3.340684
3.5444174
3.6634438
3.055218
3.1875565
3.2832415
3.6332912
3.430172
2.6550694
4.6904316
4.934618
4.955222
2.975475
2.6288683
4.0297127
3.1220186
2.764989
3.7900982
3.6765401
4.0513716
3.247147
2.864071
2.4477677
2.8602762
2.9432352
2.505373
3.4355526
3.7311857
3.5498505
4.489714
3.0824409
3.4884536
4.2091866
3.8949862
3.9520807
3.687687
3.423874
3.5304437
2.8446283
3.2717986
2.6257865
3.0373828
1.1165566
0.66257256
0.75548756
0.9235443
0.9591476
0.9877755
0.8213576
0.996681
1.0284438
1.0066109
0.79067487
0.87059295
0.9141859
0.785349
0.68377477
2.8120017
3.3005812
3.9713285
2.678553
2.7924361
2.279814
2.0866716
2.2795486
0.79049045
2.1344614
3.1168451
3.348793
3.394294
3.488208
1.9047189
3.4186835
1.8727063
2.1375368
2.0576708
2.1129987
2.3127158
2.4869864
2.3833182
2.4271212
2.3893473
2.4656742
2.626256
2.503888
2.4573119
2.2337973
2.0181017
2.0583527
2.3883703
2.7054176
2.585951
2.84642
2.7740238
2.7283719
2.7029207
2.678346
2.7576294
2.8698313
2.7447
2.7088683
2.473306
2.7791727
1.8309827
3.1790683
2.7228198
3.1467335
4.0489664
3.133533
4.262048
3.7405612
3.7114158
3.403386
3.1542108
3.6928253
4.1486135
3.7368028
2.3978271
3.0075064
3.609336
3.6619227
3.5193875
3.573986
3.588486
3.1093774
1.7196922
3.580096
3.0385203
2.8631697
2.5803034
3.058656
3.2288482
2.4402547
1.8369666
2.2494457
3.307778
3.5786972
2.868176
3.2995005
3.0635846
2.8905003
2.9840207
3.2915378
3.342518
3.4982896
3.5131152
3.5285988
3.6956835
3.661906
3.8208954
4.003136
3.9443815
3.484946
3.178665
2.9979062
3.0313797
2.4812152
2.6851327
2.7432728
2.568975
2.5662239
2.4138508
2.7742577
2.9821687
3.2343671
3.0674126
2.797126
2.778045
2.7888415
2.7435381
2.9436066
3.671065
4.6355
4.9602013
4.8773465
4.967076
4.941907
4.441836
2.7104263
1.9253532
1.3734581
1.5383873
2.2592118
2.1822917
0.9387437
1.7190421
1.7667108
1.5965139
1.8549229
2.069483
2.1407962
2.3933694
2.5131738
2.4700582
2.2311964
0.5132609
0.55317056
0.61589
0.5864281
0.710268
0.67467636
0.6624581
0.6545688
0.72851706
0.6177874
0.6214147
0.619542
0.60475945
0.60006106
0.6207648
0.7937683
1.8562007
1.920507
2.2429886
2.8405457
3.121065
2.8181987
2.7495656
2.8000598
2.5704012
2.3784623
2.5032763
2.9496608
3.3913257
3.3905272
3.574763
3.0220387
3.50723
3.5930774
3.0677893
2.9511778
3.0692165
3.687362
2.8365679
3.8294396
3.3580601
3.1965325
3.3730466
3.7941947
3.540629
3.3847737
3.2916338
2.9419084
2.4821877
2.851616
2.363827
2.6974757
2.3924885
2.4224155
2.8405476
3.0907447
2.919755
3.2879286
3.2750492
2.9409225
3.2042055
2.5081325
2.5035014
4.0228577
1.8481796
2.8367546
3.1774116
3.197803
3.4344354
3.511492
3.4660945
3.457465
3.3359098
3.177297
3.2494907
3.6521482
3.391562
3.5292416
2.9850514
2.3195941
2.7681823
4.184588
4.27555
4.1583962
3.4639733
2.2897725
2.108384
2.445896
2.5814106
2.6887586
2.6944838
3.741846
3.7207136
3.910376
3.6585593
3.3379037
3.055744
2.769328
3.5281816
3.2218795
3.3671265
2.4790795
2.9197478
2.9539108
2.00284
2.1916237
3.081118
3.3965032
3.0145302
3.3835914
3.7803245
4.0415087
4.134944
3.83767
4.0504575
3.7281168
3.761007
3.5342267
3.2861729
3.4961526
2.9664664
3.177529
3.4747994
3.8844562
3.3232334
3.5737934
4.21276
3.8040516
2.2582421
3.0938523
1.836733
2.4499738
2.835726
2.7303176
2.6106598
2.968008
2.8823795
3.159047
2.883637
3.2728465
3.7926667
3.2898843
2.8878527
2.2935114
2.3465638
2.740875
2.8824677
2.847378
3.1952498
2.6429093
2.5104117
3.1339877
3.476168
2.7316544
3.4644947
3.018627
2.5964115
2.5355146
3.1631212
3.1451437
4.1782913
4.1182923
4.4675975
2.399211
3.6691127
2.649694
2.825672
4.397783
2.6971204
2.9171977
3.0466108
3.4343271
3.4623785
3.621736
3.2237368
2.8972328
1.2634575
1.1379437
1.3986948
1.4303188
1.497229
1.4086123
2.10751
3.0129235
2.7785957
3.6329262
1.2457438
1.2522267
1.2281215
1.2002906
1.1925658
1.3348727
1.2086513
1.3600619
1.3340409
1.3610022
1.3957822
1.4495256
1.495336
1.3682221
1.3289725
1.4865333
1.4685967
1.3519726
1.2594076
1.2545588
1.1454248
1.4188743
1.3607218
1.2552348
1.1371475
1.2013972
1.0313833
1.1063266
1.1344296
0.8571816
0.71860766
0.83412683
0.73431134
0.73071367
0.72521454
0.6919749
0.067495406
0.76558393
0.6941589
0.7225726
0.5969791
0.586015
0.60270905
0.7089735
0.7327495
0.70055777
0.75204754
0.7263482
0.70404166
0.64149874
0.72015727
0.8338149
2.7794425
0.78802276
0.9723137
0.85165536
0.84006464
0.64752275
0.8402566
0.9166793
0.79114354
0.6177592
0.7219301
0.7292289
0.69188493
2.7491295
3.2212784
2.7877991
2.4015892
2.0938401
1.9957329
0.4974937
0.4544462
0.4118707
0.5104879
0.33485627
2.3990715
2.559914
3.357706
4.4972143
3.8993652
3.342253
3.4620514
3.226328
3.6785786
3.1837564
3.485757
3.7388878
3.7232795
3.6630394
3.7441769
4.034827
3.9615219
3.9386759
3.806881
3.679802
3.4575944
3.3015585
3.3991737
3.2152143
3.1208453
3.4682007
2.9744802
2.9424386
3.0017824
2.962453
3.1280117
3.1738164
3.1209426
3.286747
3.491912
2.8034894
2.6931767
2.8619883
3.3677378
3.541135
3.7896771
2.9594026
4.0030193
3.7121341
3.8891344
3.9758005
3.5678163
3.898564
3.319738
3.333621
3.5887966
3.6189544
3.643505
3.1702397
2.8076675
2.6923933
3.045444
3.0354886
2.4509132
2.884596
3.7958732
2.9271624
3.1956348
4.24689
4.827764
4.1892343
1.1513374
1.1447644
0.99520266
1.1357706
1.1325221
1.1492889
1.1764318
1.1368632
1.1481127
3.6518593
2.368125
2.0675259
2.8268654
2.0203958
2.5137105
0.5672708
0.5325469
0.5136509
0.8782941
0.96651775
0.9754442
0.82353145
0.784256
0.6387227
0.81188846
0.6639339
0.70630074
0.66142887
0.63172525
0.20689669
0.5650407
0.67494655
0.8186428
0.81861955
0.7958552
0.5656866
0.5624936
0.47624144
0.5385406
0.5170868
0.46764457
0.47888535
0.56863785
0.61560786
0.6227162
0.57492423
0.71466285
0.6167109
0.7586174
0.6646789
0.5676984
0.56107813
0.65069914
0.64451885
0.38289028
0.44351062
0.510095
0.51924896
0.51595014
0.61499506
0.42163944
0.42753208
0.59486353
0.36596006
0.5431301
0.36890036
0.4846642
0.83957744
0.61738163
0.6159415
0.5435679
0.34079847
0.3705511
0.17970245
0.27858403
0.30036676
0.23619975
0.27816302
0.23525833
0.29290608
0.18401147
0.23388079
0.40309235
0.61730963
0.49095953
0.44343492
0.45563167
0.40313116
0.49830255
0.39729822
0.57073706
0.51778966
0.6033772
0.39103615
0.6265664
0.5225729
0.3814658
0.43349373
0.48553056
0.47637808
0.48152554
0.63413227
0.5240539
0.5553317
0.6569779
0.6838631
0.5832709
0.66032106
0.561759
0.7025096
0.7085521
0.71229506
0.70604205
0.72397554
0.593766
0.7057583
0.9510286
0.8910729
0.9909668
0.78254634
0.80804896
0.9258147
1.8458897
3.0487084
2.089901
2.6942043
3.2840228
3.3291008
3.379049
3.0402398
3.1322026
3.6487248
3.6011455
3.650623
3.6187258
3.5449984
2.779663
2.9000287
4.3624415
4.16531
4.2274375
4.330482
4.3866916
3.5700743
3.6061826
3.5816991
4.037304
4.196826
4.236068
3.978944
4.746442
3.375374
3.0400329
4.6535854
3.4252503
3.887822
3.7852683
3.4875588
3.2342317
3.1553564
3.3192995
3.413039
3.450359
3.5559068
3.8581743
3.8400881
3.8002245
3.5784626
3.2610388
3.109672
4.247397
3.5089638
2.8809385
2.7562435
2.3060489
2.362307
2.6450863
2.478157
2.7476127
2.2671652
1.6670511
2.2316918
2.5241828
2.066307
1.8921183
1.4113586
0.93630135
0.794989
0.9039824
0.92035353
0.99716604
0.8635635
0.9803966
0.8393346
1.0704013
1.0318558
0.97087437
1.0424262
1.0363698
1.02723
1.025586
1.0474874
1.061313
1.068717
1.0664694
1.0744106
1.0532537
1.0564978
1.0488205
1.0071261
1.0102568
0.9758904
0.97796303
0.9575171
0.95215476
0.8854344
0.8857221
0.88884705
0.90653366
0.8909813
0.7386881
0.83711535
1.7797853
2.5773091
2.6472275
2.7071342
2.9085088
3.0434306
2.840631
2.9683573
3.1826215
3.4359841
3.558118
3.1305847
3.1944833
3.234731
3.2290444
2.607777
2.47784
2.5653763
3.058626
3.0954797
3.4011796
3.164647
2.7267966
2.9501963
3.3217125
3.2846684
2.9859896
3.152108
2.7760572
2.6799114
2.700791
2.9263783
3.0866513
3.4095144
3.7298634
3.6798348
3.6473756
3.4694262
3.8131406
4.3084083
4.233919
4.1095867
3.8696723
3.712094
3.8550391
3.5789557
3.3640928
2.4317644
2.4032154
2.4261513
2.1422508
2.1339486
2.3354232
2.742595
3.369264
3.7658036
3.6529913
4.049116
4.9081397
4.8655624
2.8928354
0.45557684
0.40770036
0.52997446
0.52263856
0.8158058
0.76131
0.79179436
0.82961446
0.8915268
0.88500464
0.92028403
1.1546929
1.0740706
1.1250849
0.81653625
0.96793425
1.0410972
1.0437216
0.94519997
0.9520955
0.9506768
0.8756582
0.86581856
0.6866426
0.90078545
0.8701123
0.9715984
0.94347066
0.8706497
0.97349966
0.9435218
0.97078395
1.2949792
0.9467467
1.05936
1.0254463
0.9088857
0.907526
0.8912209
0.8770414
0.8634925
0.976937
0.9055683
0.93393224
0.85489714
0.86642593
0.7276313
0.7666762
0.65727705
0.6746223
0.55876005
0.61150664
0.53894985
0.54942393
0.4539866
0.41545063
0.3818424
0.33383602
0.33373478
0.38779506
0.37258613
0.2892413
0.3154575
0.10149294
0.2075851
0.26556772
0.3100705
0.3170497
0.5725676
0.53959846
0.58108366
0.8455009
0.5630959
0.6814947
0.5198293
0.48189983
0.52193713
0.60867864
0.4928629
2.8814704
0.45656335
0.713168
0.6635857
0.7309425
0.6909239
0.865191
0.7751869
0.79630345
0.756879
0.86319166
0.757663
0.80580205
0.81362617
0.8386247
0.8068432
0.62586534
0.63461715
0.72790587
0.5638857
3.0585098
0.63858443
0.50080323
0.6337031
0.4470665
0.63718176
0.39072213
0.3371787
0.20099247
0.23366399
0.20408876
0.22183742
0.2239503
0.21052293
0.20453241
0.16267385
0.18227583
0.19440363
0.17154892
0.18473051
0.22034533
0.20063512
0.23814479
0.23565628
0.24739984
0.2299572
0.22555073
0.24314058
0.21213463
0.24605715
0.21957882
0.21331571
0.22866225
0.24518122
0.30022618
0.26506352
0.29183573
0.2788545
0.29292643
0.27343336
0.26762664
0.2511037
0.26332134
0.34169462
0.37935817
0.3183087
0.30415112
0.5396652
0.41829497
0.42359817
0.47868165
0.48252678
0.5368661
0.4818549
0.5565953
0.46219802
0.5090244
0.40940946
0.55130917
0.5295426
0.43068025
0.42513427
0.45238015
0.643219
0.53361523
0.67900026
0.36788043
0.36160177
0.30268645
0.24258667
0.18340194
0.17816791
0.6452102
0.13897185
0.18396473
0.20575069
0.253098
0.17416456
0.19355878
0.11488127
0.14277856
0.15342724
0.28784826
0.24622533
0.22307837
1.1984712
0.21868357
0.2095013
0.21610364
0.17912339
0.18194936
0.28900152
0.29607636
0.35905546
0.3388267
0.3149457
0.39940116
0.3510507
0.36168405
0.4220757
0.42173484
0.45025444
0.39752784
0.47049853
0.39628896
0.43021172
0.5210514
0.4913567
0.55974585
0.44229847
0.5144408
0.44559145
0.51000077
0.45460808
0.49421266
0.4752359
0.41408193
0.46276015
0.39149687
0.5781718
0.49658445
0.66198
0.61738724
0.67445236
0.43870467
0.4160914
0.28058448
0.2807603
0.3081308
0.23673734
0.23612522
0.43605173
0.9860549
1.2416052
1.5311842
0.7726681
1.1246327
0.7218263
0.6676163
0.7373724
1.4485682
1.7438048
1.2099954
1.1906688
1.2237191
1.4170933
1.3761274
1.195012
1.0463852
1.0424608
1.25289
1.2676121
1.6580846
1.1606346
1.0943438
1.4834907
1.6710958
1.3111308
1.7185873
1.074008
1.123422
1.3539535
1.2438434
1.3277916
1.3831462
1.5666463
1.7671787
1.4990284
1.5758986
1.2689178
1.196044
1.278635
1.6030949
1.4763321
1.5402741
1.5008979
1.724934
1.289365
0.5726487
1.4250647
1.324219
0.9960801
0.8730658
0.8417602
1.2401772
1.3640364
1.4784752
1.6192689
0.8035724
1.3153206
1.3024421
1.0368291
0.9633432
0.66803885
0.6637519
0.7393423
0.6201035
0.6975704
0.6845523
0.6497049
0.6124934
0.6577508
0.56018734
0.6302211
0.6010783
0.5561866
0.49713477
0.56129676
0.5149514
0.5830239
0.53680193
0.6384772
0.5647284
0.6519965
0.5571245
0.6302067
0.5483161
0.6154715
0.5480143
0.6154061
0.5481343
0.62887716
0.4994443
0.5716212
0.5134896
0.5786558
0.5218286
0.71535665
0.6186183
0.70582724
0.72461295
0.64562607
0.6487419
0.6186268
0.7337011
0.6870124
0.654698
0.61112833
0.7665241
0.76232755
0.5805353
0.7665553
0.83610916
0.92250985
0.8784307
0.74270695
0.92015123
0.66798794
0.52177745
1.5544231
0.59994316
0.38265258
0.75239336
0.7030143
0.8160611
0.75084376
0.77711725
0.7488205
0.8604796
0.75979817
0.87240213
0.8440361
0.83089834
0.90645206
0.80201757
0.8833754
0.8396356
0.9685778
0.8464335
0.96496946
0.8305321
0.91419846
0.96967673
0.98676354
0.93541944
0.8338604
1.2896417
0.8933936
0.81854516
0.8697014
0.85706043
0.79534507
0.769719
0.7694982
0.87004
0.73244596
0.8478428
0.77485913
0.79210037
0.6892505
0.7880947
0.5941383
0.627923
0.6186868
0.48545295
0.4924566
0.63561535
0.49893537
0.5710811
0.490624
0.5565841
0.50380695
0.5560779
0.49231616
0.6111827
0.5180516
0.57764566
0.5136667
0.6102745
0.5393137
0.62011385
0.5654834
0.6590885
0.56708324
0.69065994
0.56947625
0.68123525
0.5754458
0.68301713
0.58163947
0.68220127
0.5788123
0.6766027
0.57765865
0.64504004
0.52988183
0.62816185
0.5190879
0.5767165
0.53851193
0.6108002
0.579883
0.6635382
0.60469776
0.73661035
0.62598866
0.65657824
0.5441985
0.5995366
0.55288184
0.65839195
0.5805748
0.6525199
0.5736187
0.66756946
0.58306646
0.664277
0.54365283
0.65121585
0.5792186
0.70784825
0.60524553
0.6797242
0.6083213
0.67769355
0.57875544
0.7130169
0.58551675
0.6940807
0.5684743
0.66142696
0.55086416
0.62895745
0.5599011
0.6596616
0.56313384
0.6284591
0.6592162
0.7323858
0.6651432
0.7030717
0.5494867
0.6638713
0.919698
1.7290876
2.2834296
1.4238013
1.3072696
2.4299626
2.3784506
2.3632426
2.6822226
2.8533251
2.8485043
3.0134091
3.0681098
2.8407173
2.5432105
3.2270455
3.4348655
3.4860115
3.295152
3.316689
2.9790263
2.8291008
2.6401398
2.3852568
1.6733941
2.0011516
0.8919423
0.85448325
0.8235595
0.80587757
0.7982868
1.5856265
1.3789008
1.6190046
1.4669733
1.357833
1.7606701
3.5960488
2.5175607
2.7607598
2.6939764
3.193252
2.5247147
2.5566149
3.199539
2.5480638
2.1611822
2.1183498
2.7659512
2.7700288
2.6621778
2.468713
2.9471452
1.1983745
0.9191974
0.8442075
0.8234291
2.4943776
0.832568
4.0128474
3.1022122
0.80335784
0.78956175
0.717068
0.71341115
0.7164028
0.89154637
0.7791941
0.8276189
0.89672595
0.72584486
0.8093654
0.7387478
0.82783896
0.78371716
0.88845754
0.89541906
4.893724
5.824591
0.59176016
0.52963686
0.6496579
0.68650097
0.61149335
0.55751026
0.66563743
0.5111098
0.6675863
0.5559877
0.67453814
0.55336785
0.6527895
0.6301047
0.8685281
0.9294399
0.63111466
0.6099889
0.7522731
0.71716493
0.60983604
2.0879717
2.8467293
2.5859027
3.4476192
4.0557895
4.605728
4.289925
4.0827904
4.325371
4.2506557
4.479622
4.567989
4.7336144
4.8036485
4.8722982
4.7971797
4.8832064
5.0510874
5.0388894
5.089566
5.0957193
5.1040564
5.057837
5.102881
5.1142106
5.032407
4.942875
4.925344
4.958953
4.8985286
4.7838097
5.0044928
5.086877
5.1049666
5.264589
5.320291
5.210368
5.2644167
5.336864
5.200573
5.0807476
5.00191
4.747656
4.95886
4.856746
4.7532887
4.827165
4.8062315
4.7523546
4.7263746
4.7695956
4.697707
4.6732197
4.726729
4.841698
4.776295
4.800138
4.6985283
4.7536674
4.7844324
4.6676292
4.788165
4.6371784
4.6456976
4.641274
4.56701
4.496434
4.510764
4.760789
4.6940784
4.86247
4.5518017
4.48985
4.24815
4.186555
3.7712076
3.87449
3.658716
3.4875863
3.5229323
3.7784302
3.7929716
4.0306845
3.9396062
3.8418155
4.108659
4.345429
4.3564687
4.5384464
4.6550384
4.3617387
3.9173036
3.7211995
3.6509721
3.5168676
3.2045245
2.9959273
2.9770942
2.8155513
2.8673227
3.0732586
3.1835372
3.961676
4.3681145
4.645915
4.609344
4.343535
3.917187
3.5747585
3.4204803
3.411325
3.3444223
3.536848
4.307124
4.666499
4.9147625
4.923629
4.6389313
4.574908
4.055943
4.197015
4.123098
4.667327
4.768525
4.725576
4.0139537
3.7809947
3.8636732
3.8758612
4.1164794
4.44273
5.070099
5.1207213
5.401274
5.0094457
4.9133816
4.212687
3.903629
3.4509764
3.8985603
3.1786323
3.6123402
4.1251435
4.173868
4.217885
3.9695315
4.259157
4.3349285
4.043619
4.5599666
4.8329897
4.6115265
4.29277
4.1335278
3.8653688
4.143946
4.369757
4.3086867
4.5850334
4.6610045
4.4444942
4.6734085
4.7527857
4.4681573
4.2737956
4.038363
4.1800017
4.020336
3.7140064
3.6435578
3.5509598
3.016172
3.6451323
4.026672
3.3604655
3.1095622
3.6727471
4.400585
3.779627
4.4509053
3.6080194
3.273139
3.0973506
3.1423607
2.9556248
3.0415723
3.0829337
3.173262
2.9966784
3.176885
3.3884976
3.3106298
4.0743027
4.332924
3.7890842
3.3803082
3.5078971
3.608286
3.7599926
3.7325473
3.7707782
3.7853415
3.4692698
2.9320264
2.958533
2.9711695
2.9625237
3.1512604
3.9802845
3.264173
3.5127153
3.8066945
3.8425403
3.839023
4.0528483
3.99803
3.6959796
3.1797867
2.9672418
3.7007062
3.9142113
3.8780982
3.028768
1.3474855
1.7616129
0.68213457
0.6641325
0.88989335
0.73973477
0.8243183
1.393847
0.82363397
2.056645
0.80009425
0.8748199
0.85297763
0.3121355
0.107477844
0.22809494
0.32929325
0.38474613
0.42490363
0.42504862
0.43432105
0.40071416
0.47672606
0.45494443
0.46448222
0.45205522
0.5453326
0.6050832
0.5104269
0.4924037
0.47482488
0.61825925
0.48201975
0.39626625
0.72507685
0.4659795
0.57414794
0.44065943
0.6613768
0.39086625
0.38444838
0.3151407
0.4419333
0.46055055
0.45810434
0.6035552
0.5818935
0.3510499
0.41491127
0.60014194
0.5206353
0.37943232
0.56753564
0.7178648
0.70630896
0.6316331
0.7447196
0.75352496
0.72571605
0.67693555
0.6917624
0.70965326
0.81732655
0.86072093
0.71359706
0.74400073
0.706224
0.7290838
0.71213454
0.82028335
0.67312294
0.7047148
0.76986885
0.4475326
0.46508807
0.47194648
0.39930114
0.4253536
0.53842276
2.9988544
3.680661
3.8251195
2.9680257
2.6656559
3.4608507
3.1225286
3.2013965
3.6158636
3.501567
3.6977134
3.7462444
3.2120116
4.024848
3.5442219
2.3487363
2.1331472
2.157855
2.360772
2.03431
2.296517
2.3387363
3.393934
3.5437005
3.0342972
3.3667495
4.023274
3.6685877
2.9891434
3.9643075
5.3904843
3.9475443
2.8000503
3.4344237
3.9112453
3.3411818
2.3443112
2.8084848
2.6623569
3.132698
3.4690487
3.7451987
3.8552058
4.312441
4.960211
5.184163
4.571127
3.8137002
3.9166634
4.1919355
3.830789
4.009471
4.040524
4.0592837
4.0077043
4.052447
4.432006
5.1375995
5.540894
4.756543
4.418789
2.9633813
1.6188862
1.2234167
1.2256044
0.609583
1.0334293
1.0154543
1.3514514
1.7215546
2.7231932
2.6300185
2.664649
2.7517283
2.735544
2.8472357
2.8505394
2.8631206
2.8392107
2.5758886
2.7166834
2.9061801
3.1790214
2.9877603
3.0061643
3.0567176
3.1864357
3.2208486
3.3036704
3.3557622
3.1085184
3.3640704
3.391354
3.3869343
3.5447063
3.7754595
3.6193395
3.7012975
3.7050886
3.8309193
3.6426916
3.5039988
3.6486812
3.4038339
3.41429
3.7880294
4.403974
4.339972
4.291604
4.104268
3.8899825
3.9819887
3.88756
3.9344676
4.0178742
4.1123495
4.080597
4.0511456
4.1027207
4.1760836
3.935615
3.94352
4.0563707
4.061989
3.963355
3.9035408
4.0769453
3.9650855
4.0443563
4.1381927
4.070344
3.758009
3.7348588
3.7305057
3.8034801
4.168743
4.479713
4.44112
4.6520786
3.051582
2.809641
3.1942325
3.387311
3.116035
3.3816476
3.4982913
3.6494465
3.6212072
4.0752697
3.8479633
3.8475807
4.2050643
4.240185
4.390188
4.4385486
4.642075
4.7858357
4.6759114
4.1811633
3.7356787
3.5277092
2.7966049
3.3053823
3.3237422
2.4430954
2.229185
2.5500405
2.4456193
2.435904
2.4659226
2.6917138
2.645627
2.6091754
2.6026788
2.6311405
2.5994334
2.4901905
2.5541909
2.6206164
2.717861
2.8375647
2.87831
2.771963
2.7400131
3.2581317
3.3968852
3.3626595
3.2731407
3.305759
3.2846484
3.33319
3.2467577
3.2281864
3.2959342
3.2021635
3.1542177
3.2276278
3.3709834
3.456719
3.3760514
3.6162765
3.5751033
3.7296553
3.8120265
3.811832
3.5577223
3.5003905
3.3066087
3.2735553
3.2277603
3.2023165
3.2827659
3.2543879
3.2683365
3.331423
3.3030198
3.3260336
3.3226314
3.4852324
3.4232736
3.4533792
3.499156
3.6010478
3.6924837
3.716404
3.7743597
3.7151356
3.6334777
3.5139716
3.5466669
3.290279
2.7251995
2.37495
2.492302
2.8016481
3.4474556
3.7317927
3.8134995
4.1409383
4.2683043
4.0330753
4.0272937
4.0564337
4.03857
4.2083416
4.170845
2.9811385
3.0390682
3.231338
3.5662892
3.6330054
3.188667
3.3284862
3.2249417
3.181837
3.492158
3.5602808
2.9330788
4.0194993
4.2786727
4.7024097
1.4964957
0.4993552
0.5870323
0.62037355
1.1157851
0.6302278
0.56482816
0.64691424
0.6963197
0.64395034
0.93851656
1.6543739
1.421116
1.8842475
1.9687079
0.9609363
1.2372831
1.2842646
1.1417116
0.8366704
0.7227408
0.978606
1.0147604
0.9982892
0.73966914
0.82186586
0.76841867
0.8286724
0.7500658
0.65712076
0.7193085
0.8302665
0.75259393
0.804493
0.6535143
0.6750815
0.86232543
0.6515746
0.58832574
1.0189469
0.7538338
0.8355606
0.73670304
0.664387
0.7544546
0.5689094
0.66404396
0.7953501
0.5830971
0.7618914
0.6073656
0.67719966
0.72854316
0.7375879
0.7199336
0.6931211
0.6310363
0.7607136
0.5774909
2.948905
0.46458578
2.9142735
4.2775116
3.917016
3.2547712
3.3961866
3.012344
0.957605
1.1146235
0.9581207
0.6554833
0.7410955
0.6654731
0.73788995
0.621651
0.65451705
0.65549296
0.7251617
0.56084776
0.59581435
0.6307612
0.57531327
0.5831822
0.5979482
0.597987
0.99515784
0.86396885
0.96226287
0.80452394
0.63174886
0.86708623
0.9396534
1.1006112
0.76538384
0.700232
0.63845086
0.8094115
0.8581529
0.6280911
0.64137495
0.56543785
0.64883906
0.7306854
0.64141095
1.0409995
1.1029748
0.98389673
0.95314103
0.76254386
0.90826637
0.7102225
0.64422
0.6382125
0.75354326
0.57921445
0.62373215
0.8095325
0.62867814
0.65157133
0.61244017
0.71343005
0.7843653
0.74825525
0.7734107
0.6090384
0.75249195
0.7869428
0.7539903
0.73393905
0.7887553
0.7190392
0.8566148
0.74893415
0.73593336
0.76959574
0.7828427
0.8117608
0.8379658
0.8356379
0.84031755
0.92429334
0.7632905
0.81805503
0.8641373
0.8267045
0.9879137
0.8437584
0.85123014
0.8971007
1.1163843
1.0728871
1.1381321
1.1302733
0.98906654
0.85669607
0.8789964
0.88104594
0.916005
1.026911
1.1234869
1.1828461
1.221623
0.8868579
0.83319783
0.74198836
0.75513905
0.70319057
0.77478296
0.68364733
0.7134809
0.85024554
0.657233
0.8928599
0.8192817
0.77123046
0.8982773
0.82568777
0.8790454
0.8475084
0.83539605
0.8897064
0.8300837
0.85466194
0.7835605
0.7949882
0.7830828
0.8005219
0.73223877
0.7783776
0.7892237
0.81991976
0.8831361
0.90147364
0.8259177
0.7730159
0.6901665
0.6340519
0.7141823
0.7641548
0.7695127
0.81221014
0.8542243
0.90019643
0.8199921
0.68692327
0.66562706
0.76400673
0.79931736
0.834753
0.9101418
0.81900966
0.92305297
0.9116565
1.1074872
0.89616686
1.0868164
0.7715747
0.8890843
0.87090534
0.8628214
0.8768446
0.9586555
0.86472833
0.8584706
0.7828741
0.91117585
0.8787133
0.8450757
0.94570255
0.8940217
0.9298139
0.94386536
0.95088017
0.9848866
1.0073453
1.0479726
0.94635
1.0052164
0.9867277
1.0096982
1.0040596
0.9670463
1.0291079
1.0612777
1.0256323
1.0351982
1.0095309
1.0190313
1.0014668
0.9915359
0.99822485
1.1163343
1.0743556
0.89714324
1.0723257
0.86996126
0.82184094
0.7867618
0.81108487
0.8615624
0.8635891
0.8939471
0.8997382
0.86904466
0.90427023
0.9102107
0.8452984
0.89379686
0.8382717
0.8203922
0.8106662
0.9005816
0.9568683
0.96180284
0.9041465
0.8792431
0.9787971
0.90031654
0.62093604
