10000
9.127788
9.237333
9.192924
9.400264
8.924654
8.979168
9.303606
9.143328
9.288075
9.190889
9.101282
9.146955
8.960729
9.052377
9.050736
8.948596
8.835316
8.651083
8.737587
8.808565
8.737007
9.031335
8.938589
8.669897
8.637947
8.496953
8.63034
8.524169
8.505775
8.263141
8.211651
8.155886
8.358324
8.497122
8.436258
8.527552
8.633081
8.384255
8.866008
8.65244
8.649445
8.383406
8.490873
8.619668
8.73443
8.45199
8.339079
8.744359
8.748713
8.735388
8.870134
8.829735
8.854772
8.828053
8.76233
8.773753
8.789802
8.881703
8.794479
8.781958
8.784883
8.850291
8.764454
8.7454195
8.815357
8.720585
8.679258
8.69367
8.568507
8.687878
8.645635
8.5007925
8.796103
8.675663
8.780854
8.703585
8.829662
8.815728
8.883272
8.845204
8.831335
8.83473
8.691309
8.731336
8.723713
8.6202755
8.662733
8.66713
8.664998
8.720906
8.706746
8.708516
8.578754
8.590677
8.566035
8.644251
8.614127
8.6049595
8.54435
8.358922
8.467907
8.400191
8.76051
8.588143
8.457734
8.5572815
8.584902
8.535766
8.59687
8.643661
8.582482
8.647246
8.694017
8.677554
8.766081
8.80623
8.771421
8.7803955
8.6232
8.609903
8.556477
8.389732
8.4221
8.456355
8.372909
8.339329
8.470493
8.620371
8.53465
8.511654
8.535326
8.557391
8.496237
8.367113
8.434979
8.431688
8.456921
8.4062605
8.499344
8.472478
8.59454
8.715667
8.78094
8.849518
8.661637
8.822108
8.878188
8.889339
8.78209
8.750106
8.743695
8.709784
8.844475
8.745004
8.847871
8.485456
8.31856
8.265937
8.34008
8.506201
8.537752
8.727782
8.796762
8.82726
8.850618
8.70761
8.84516
8.891994
8.87393
8.818893
8.628351
8.694806
8.643458
8.565096
8.470384
8.502607
8.369914
8.504977
8.52401
8.419135
8.41489
8.405286
8.387106
8.500763
8.466928
8.519144
8.586747
8.710489
8.562938
8.6719885
8.849225
8.7766075
8.71143
8.558471
8.365828
8.361826
8.357144
8.460427
8.323723
8.646443
8.40985
8.511318
8.3836355
8.296762
8.128908
8.088094
8.06209
8.071295
8.117987
8.012058
7.9817142
7.828605
7.837025
7.7781906
7.7531667
7.758854
7.838551
7.8287635
7.9241586
8.058413
8.142304
8.02183
7.87056
8.01246
7.833707
7.771203
7.6978087
7.7010407
7.627022
7.6980867
7.6940923
7.7244544
7.813843
7.844395
7.937834
7.8499784
7.8218064
7.823205
7.91844
8.049481
8.134424
8.015777
8.129337
8.053056
8.017731
7.9946027
7.8938165
7.940632
7.8959017
7.5256543
7.784947
7.5812163
7.8514295
7.681419
7.8643017
7.9181037
7.8492026
7.9121833
8.055624
8.030127
7.9904966
7.90339
8.08682
8.055785
7.8919706
7.99156
8.118208
8.054354
8.091427
8.290124
8.431803
8.3812895
8.439159
8.355872
8.468561
8.274612
8.200718
8.201263
8.147515
8.219771
8.216749
8.420252
8.444992
8.419151
8.593322
8.398242
8.124975
7.9586277
7.9273696
7.95909
7.931301
7.995459
7.958973
7.9782414
7.9974127
8.108934
8.018592
8.22317
8.2684145
8.229864
8.261659
8.118756
8.2567425
8.138024
8.042206
8.017881
7.980824
7.9311132
8.0996275
8.0045805
7.8270893
7.7429724
7.71685
7.8742323
7.8661585
7.626313
7.8985076
7.7424946
7.8761315
8.013559
8.200888
8.100247
8.1076
7.690963
7.463101
7.403577
7.4186816
7.5052137
7.603945
7.7116413
7.655026
7.5658154
7.390772
7.524503
7.618036
7.5443854
7.534113
7.5524917
7.7342067
7.6734667
7.5882525
7.496422
7.5214934
7.4925103
7.5673485
7.684956
7.884246
7.9745393
8.201442
8.144332
8.259206
8.327935
8.391154
8.324768
8.349378
8.253002
8.243071
8.276353
8.2537
8.186645
8.271388
8.111691
8.133137
8.003206
8.00302
7.8991747
7.8806086
7.873354
7.6888776
7.4677405
7.584933
7.487032
7.2715893
7.3779297
7.320306
7.4463634
7.3338504
7.3885
7.4935217
7.3273487
7.547091
7.6403346
7.6155066
7.737068
7.7177267
7.8798614
7.9715967
8.019769
8.090391
8.054012
8.088376
8.009943
8.009667
7.9355474
7.7669196
7.6930485
7.964574
7.672787
7.584574
7.82852
7.9835587
8.108903
8.252742
8.384738
8.443629
8.302241
8.247438
8.015532
7.851335
7.713516
7.440187
7.4876256
7.443248
7.2829323
7.36444
7.3920574
7.386106
7.460197
7.550853
7.6467357
7.6952353
7.6633253
7.518525
7.471895
7.4911866
7.4515142
7.5173764
7.6844482
7.3261538
7.457934
7.5449657
7.478552
7.6184616
7.2056856
7.269381
7.408792
7.160041
7.138266
7.08773
7.4358106
7.2032766
7.150064
7.0371923
6.9015927
6.9174137
6.8019457
6.565108
6.471748
6.210549
6.2514896
6.249653
6.158809
6.2984366
6.242452
6.396413
6.466757
6.621052
6.7272477
6.6310453
6.630044
6.487053
6.4439635
6.361894
6.3399377
6.4752345
6.275509
6.247999
6.4003415
6.7967973
6.68523
7.012203
7.25303
7.0452285
6.8644753
6.6068964
6.2364817
5.959804
6.037096
5.921303
6.040133
6.4144354
6.232272
6.1798716
6.4285216
6.261461
6.3650384
6.394424
6.1711125
6.1385865
6.157331
6.209853
6.1663947
5.977982
6.2251606
6.058145
5.8178825
5.7122765
5.5281353
5.2951517
5.142578
5.20978
5.1620092
5.3047695
5.2422624
5.1745167
5.4343605
5.455942
5.3752136
5.4577475
5.5097075
5.415903
5.4163394
5.307077
5.243493
5.2539563
4.9319067
5.4137993
5.278546
5.4094043
5.408931
5.2117286
5.372611
5.622843
5.3841767
5.514591
5.29059
5.385893
5.102942
5.14752
5.298855
5.553114
5.58839
5.9718804
5.866079
5.9928803
6.195128
4.673034
5.2549806
5.3195662
5.4441743
6.061212
6.407338
6.2496595
6.436652
5.938796
5.958625
6.075714
6.1277223
6.399161
6.592281
6.6336255
6.548988
6.5020957
6.582445
6.5374804
6.684122
6.992879
6.536572
6.538898
6.3161173
6.026041
6.362279
5.61515
5.862693
6.214055
6.338761
6.106267
6.326926
6.224597
6.2480545
6.2095494
6.3076324
6.3961306
6.231779
6.149466
6.1194043
6.4786744
6.659651
6.8907475
6.710035
6.3379
6.3375664
6.366516
6.341098
6.0583
6.0085015
6.037992
6.1363544
6.0887475
6.2412453
6.191164
6.0119925
5.871992
6.034135
6.075424
6.219841
6.3332686
6.2454796
6.3298197
6.415697
6.5786543
6.697262
6.5388775
6.6648293
6.6526995
6.5125704
6.3661556
6.423196
6.2257023
5.947023
6.008225
5.842184
6.2879915
6.2149463
6.5299006
6.4477754
6.5474
6.6299043
6.961645
7.0324345
7.0597277
6.814846
7.1936707
7.223168
7.0874915
6.730456
6.7647414
6.7686453
6.854385
6.4722543
6.5511885
6.518621
6.579715
6.496703
6.458074
6.6012936
6.3775644
6.4078894
6.4244194
6.6045394
7.0372496
6.950733
7.0537167
7.034656
7.3077445
7.052797
6.880392
6.8523173
6.9298067
6.809733
6.5668473
6.4404984
6.6393065
6.470604
6.653409
6.851301
6.9142823
6.773111
6.662504
6.8330984
6.8062634
6.6683555
6.9682255
6.496749
6.664768
6.481851
6.505766
6.6534348
6.9268217
7.0137987
6.859097
6.4686594
6.177194
6.2174945
6.147131
5.8688235
5.778635
5.619034
5.453577
5.2230434
5.113462
5.2078767
5.4469795
5.598954
5.3424544
5.2928004
5.50758
5.70093
5.63468
5.2914143
5.1768303
5.621105
6.2079544
6.4472003
6.6057773
6.2786818
5.945631
5.6643176
5.2071195
5.189899
5.0583878
5.066011
5.3307
5.633291
5.725276
5.847329
5.947894
6.251957
5.9760065
6.1702967
6.120884
6.668514
7.032176
7.189359
7.135386
6.9826903
7.1944027
7.5035734
7.5672708
7.4942145
7.5169964
7.3432813
7.316293
7.1877065
6.975391
6.7752414
6.8070674
6.6300063
6.46159
6.172982
6.387636
6.4339485
6.244914
6.418111
6.26331
6.2384186
6.169542
5.8654838
6.0153427
6.2042212
6.3499165
6.267145
6.398431
6.5759964
6.4265776
6.6374617
6.4373336
6.4282265
6.6329007
6.7398667
6.853866
6.9108534
6.8607554
6.445791
6.062449
5.883459
5.855166
6.202972
6.245871
6.315367
6.393467
6.3838167
6.5620527
6.423153
6.292304
6.530057
6.266773
6.2932267
6.108846
5.8948474
5.6025143
5.5247817
5.6968613
5.758538
5.8198953
5.1236825
5.0450883
4.7713127
4.9105606
4.938696
5.338056
5.441419
5.3867097
5.381816
5.42836
5.659245
5.6518903
5.4238997
5.86275
5.574425
5.437877
5.3853273
5.374403
5.60297
5.4706287
5.6106153
5.7017612
5.986401
6.019414
6.1782417
6.2966566
6.0115247
6.274377
6.1339993
5.8673863
5.7465134
5.832791
5.9711194
6.006321
6.044261
5.930305
5.8466225
5.838833
5.7243433
5.757496
5.6452975
5.9065113
5.819396
6.314441
6.0497212
6.0720234
6.1416163
5.9666915
6.1172614
6.2909126
6.3924694
6.6330233
6.667424
6.3575053
6.3881955
6.1639466
6.1857257
6.433464
6.3398027
6.1990027
6.461222
6.04687
6.414531
6.6791253
6.685782
6.709877
6.7315803
6.8032923
6.962085
6.8676186
6.7200356
6.9897757
6.756093
6.9193764
7.0705667
6.9749155
7.1539326
7.182783
7.2336597
7.3348036
7.400898
7.401684
7.31894
7.36539
7.46596
7.160845
7.2526894
7.0749726
7.123913
7.040086
7.2048016
7.0456486
7.1760845
7.1728354
7.238591
7.211616
7.220814
7.190102
7.1932073
7.3071766
7.2507877
7.170766
7.059088
7.1057
7.048238
7.1351075
7.178437
7.270035
7.2797136
7.2017717
7.2578254
7.1585317
6.8723173
7.316879
6.7685256
6.6144295
6.303507
6.0138383
5.8570724
5.983489
6.0429373
6.2033563
6.0921774
6.143539
6.020093
6.368208
6.2709336
6.439999
6.4490767
6.522399
6.395383
6.68871
6.5452967
6.7477407
6.606677
6.7883105
6.8497543
6.6705613
6.7651153
6.8159504
6.9686155
7.303492
6.949466
6.9164343
6.8518963
6.8557005
6.6166544
6.555635
6.753416
6.5160155
6.6155443
6.750267
6.9481707
6.787372
6.879082
6.897719
6.770174
6.910726
6.8035617
6.8695707
6.8977146
6.9051366
6.8388205
6.8872194
6.869547
7.0221167
7.138545
7.2453923
7.145811
7.0347548
7.0816965
7.3028812
7.3403916
7.462223
7.5491543
6.953218
6.9007893
6.9275417
6.969441
7.0861564
7.1775255
7.0995874
7.171818
7.164365
7.015667
6.882698
6.586306
6.5445523
6.666965
6.7128086
6.3902044
6.4857726
6.446445
6.8506613
6.7000318
6.5146327
6.52404
6.5957417
6.9054275
6.8905478
6.861119
6.580894
6.078065
6.1117697
6.215337
6.780099
6.799124
6.9378924
6.850313
6.784356
6.782275
7.0673704
6.953236
6.9110727
6.964121
6.8826675
6.6395397
7.0006337
7.0990667
7.35595
7.2387347
7.1205363
6.924531
6.979642
6.865752
6.5782657
6.663765
6.8659315
6.765862
6.5905123
6.65091
6.5159206
6.611681
6.620549
6.4609156
6.764888
6.6315165
6.7966747
6.793998
6.8597193
6.6665936
6.7822046
6.858617
7.100996
6.9607716
7.0173845
6.794447
6.635563
6.538107
6.31343
6.393243
6.3342257
6.5188856
6.56237
6.4484005
6.550734
6.5913115
6.7169776
6.7932777
6.5914145
6.778812
6.683984
6.8244095
6.793245
6.784133
6.7293177
6.679455
6.6968207
6.712667
6.833578
6.859726
6.9815044
6.7790604
6.8278046
6.709255
6.8118534
6.6436405
6.7329693
6.640062
6.858414
6.4570484
6.417721
6.359801
6.383773
6.1988134
6.1768665
6.0904074
5.693196
5.585526
5.7226963
5.6191483
5.7558174
5.6614
5.9622426
6.519739
6.8505054
7.120675
6.688379
6.7228236
6.7425528
6.8531194
6.9243126
7.000656
6.9593306
6.771091
6.4522285
6.185458
6.31836
6.263732
5.907471
5.950425
5.864484
6.0239472
5.878867
6.038221
6.1165857
6.938863
7.0244627
7.001607
6.8155966
6.686701
6.821667
6.900339
6.9991913
6.8626494
6.9232974
7.0792847
6.7927365
6.828368
6.7020793
6.6766872
6.94819
6.8819304
6.4345713
6.03062
5.6020823
5.327815
5.380558
5.6062593
5.829569
6.196012
6.1569805
6.192137
6.2652082
6.298821
6.1609898
6.3152704
6.1528416
6.5525846
6.6989045
6.6406937
6.5160446
6.452298
6.493286
6.50456
6.491839
6.5096884
6.6228676
6.7357087
6.6970186
6.8327556
6.830897
7.045069
6.969707
6.947831
6.9263663
6.847017
6.7084703
6.6272697
6.612307
6.7299666
6.779431
6.771258
6.621828
6.4264784
6.4156313
6.3846655
6.2439303
6.055698
6.2650166
6.068261
6.059552
5.9133215
5.912036
5.9505076
5.7084594
5.7405024
5.8131204
5.847308
5.909305
6.021716
6.0748796
6.4222255
7.0598226
7.307513
7.0370893
7.0249395
7.0156207
6.966376
6.7888603
6.6172137
6.5453477
6.5457134
6.3647394
6.521544
6.5748825
6.570687
6.78087
6.724371
6.758751
6.824483
6.8388934
6.816456
6.797519
6.9514856
6.959933
6.830036
6.953979
6.733593
6.756139
6.6292973
6.6959305
6.6960573
6.589738
6.764058
6.833748
6.8271604
6.779518
7.035189
6.8627872
7.0059094
6.7093477
6.6973534
6.6605415
6.7240653
6.7664957
6.9858723
6.918886
6.9456615
6.8715353
7.0236745
6.9046164
6.762036
6.7714863
6.6655254
6.7554874
6.892062
6.8115788
6.8225107
6.8830376
6.9487906
6.9851418
7.0177965
7.182838
7.017475
7.258155
7.132744
7.280418
7.4390674
7.4910135
7.3054814
7.3385506
7.34383
7.3702607
7.4245844
7.3819213
7.592181
7.546861
7.6171985
7.207236
7.1810417
7.305361
7.3196445
7.272089
7.2573476
7.230376
7.077217
6.855589
7.00317
6.8199654
7.034408
6.8246555
6.7020583
6.555472
6.655362
6.625931
6.8718967
7.274647
7.2319036
7.201167
7.113224
7.0918097
7.046574
7.084308
6.9849567
7.1735835
7.043095
7.076486
7.140384
7.1350994
7.0461698
7.052695
7.0294805
6.9986763
6.9772615
7.0214586
6.9437704
6.8108783
6.7874737
6.6922665
6.7033057
6.8225245
6.565829
6.4956894
6.3636913
6.3352337
6.3091445
6.2489815
6.2858477
6.351059
6.284576
6.1023726
6.1917734
6.178723
5.913772
5.7565684
5.544641
5.7276845
5.8034806
6.0022902
6.152775
6.2904124
6.1958866
5.921504
5.96448
5.9084826
5.973226
6.0151277
6.2804894
6.5704336
6.6170225
6.3924
6.320957
6.521473
6.4809637
6.6471033
6.4452496
6.5341997
6.4992447
6.951099
6.731444
6.39244
6.5659046
6.5527463
6.5893035
6.7013326
6.4649773
6.1220074
5.9485016
5.8733664
5.983992
5.7790604
5.9641423
6.1682076
6.0708146
6.0165644
6.0703073
6.068844
6.251105
6.3177967
6.4044647
6.4246006
6.5553904
6.828475
6.699724
7.0360947
7.0612507
6.6733174
6.6415505
6.588844
6.7791715
6.636782
6.5692425
6.5400887
6.6751037
6.5624247
6.609652
6.450245
6.492583
6.469421
6.5286894
6.5167966
6.7299943
6.756929
6.7021747
6.510188
6.462351
6.225398
6.531941
6.6513743
6.666089
6.6545143
6.818696
6.6884847
6.5269413
6.407878
6.31473
6.382341
6.3705516
6.4047685
6.346881
6.3160553
6.5078287
6.5778193
6.620249
6.648571
6.5709367
6.381879
6.279487
6.355112
6.3435802
6.233575
6.1185265
6.1605287
6.523374
6.3322616
6.391159
6.4479895
6.165127
6.1077237
6.309016
6.4392314
6.305288
6.383491
6.0671225
5.999564
6.080061
6.275676
6.2869964
6.4039326
6.321001
6.3178444
6.268508
6.377883
6.397037
6.4188066
6.4359612
6.3767014
6.2661924
6.1596613
6.0721116
6.051951
5.954956
5.901586
5.87952
5.8373923
5.787695
5.8488145
5.7881474
5.8062835
5.694746
5.7371864
5.7271075
5.8546643
5.7937202
5.7361374
5.664485
5.264063
5.3296084
5.1632185
5.15895
5.1462593
5.2937746
5.19456
5.3160496
5.635435
5.9202423
5.8819647
5.914617
5.8281097
5.868941
5.8713417
5.74959
6.245506
6.400723
6.221458
6.147452
5.9829173
5.657961
5.635492
5.639709
5.7457256
5.657196
5.8478975
5.503927
5.4557447
5.0039225
4.9373326
4.7202444
4.92115
5.2126474
5.5156317
5.176658
4.928094
4.714947
4.6922283
5.0406566
5.3640285
5.4303846
5.5276117
5.4528594
5.3620567
5.413637
5.4931006
5.553806
5.588876
5.5486345
5.5105267
5.4148316
5.2700896
5.210191
5.1754723
5.1143107
5.1959896
5.097564
5.1423173
5.1333847
5.093239
4.9095125
4.818245
4.77604
4.83624
5.0052676
5.1086187
5.26688
5.316197
5.3245835
5.415823
5.504646
5.648286
5.7061405
5.4960966
5.402867
5.47206
5.5212603
5.3101687
5.580254
5.65792
5.724798
5.522494
5.4603367
5.1130753
4.9133286
5.0082006
5.0029926
5.0619416
5.11232
5.061316
5.1796417
5.143363
5.1648073
5.2086244
5.020575
4.9133277
4.9685044
4.7506294
4.7510777
4.785217
4.735897
4.5224853
4.812889
4.8042426
4.561337
4.7584543
4.7067714
4.9313726
4.96908
5.0495267
5.008877
4.9029756
4.7724614
4.6495047
4.589325
4.511545
4.4779663
4.3686914
4.414988
4.545786
4.354122
4.468449
4.3879375
4.447244
4.6215234
4.6594615
4.7533736
4.627226
4.6506805
4.4704323
4.504652
4.6697335
4.812615
4.7389097
5.098202
5.306192
5.4476156
5.3923717
5.597106
5.5149226
5.4801183
5.4770617
5.378516
5.526014
5.510089
5.3820353
5.3323507
5.5961504
5.115817
5.284301
5.5990295
5.614809
5.8823843
5.8986077
5.780788
5.683126
5.6427965
5.648533
5.527932
5.6609573
5.4358535
5.8214426
5.99308
6.075142
6.156174
6.157764
6.1239944
6.171755
6.0190372
6.118402
6.019608
5.9888496
6.1010246
6.026501
6.2127485
6.0535364
6.027093
6.2620077
6.2680717
6.077429
6.259373
5.7454543
6.12996
5.9632115
5.990999
5.8004622
5.77487
5.6151104
5.893685
5.934984
5.970609
5.915346
5.904549
5.925899
5.835292
5.993045
5.9876
5.960011
5.9421406
5.982677
6.056934
6.008564
5.9401383
6.07845
5.722848
5.6983547
5.5943966
6.0398407
5.873574
5.8381143
5.80229
5.9857287
6.2338285
6.563628
6.617258
6.5768824
6.2759614
6.4733124
6.7798557
7.300422
7.211173
7.230941
7.262552
7.063367
6.7322116
6.7509937
6.730016
6.572583
6.445189
6.597204
6.7059608
6.607136
6.3580236
6.1769037
6.07259
5.9584827
5.976908
5.8035245
5.73699
5.667647
5.60445
5.4107537
5.376379
5.4645796
5.5211596
5.690404
5.81269
6.03387
5.977912
6.1030326
5.883655
5.728113
5.656274
5.8291383
5.9642167
6.0965323
6.224192
6.1911287
6.125002
6.44419
6.7379127
6.8619885
7.0165167
7.242875
7.3099027
7.707072
7.7766047
7.9814687
7.645632
7.224357
7.1651692
7.20321
7.2592077
7.142725
7.0393763
6.9470935
6.9710426
6.917327
6.937862
6.8188524
6.7364383
6.439393
6.2773995
6.2080455
6.225988
6.0578785
6.032772
5.8075795
5.8313417
5.5437512
5.4554977
5.458557
5.6381617
5.887988
6.0524135
6.290377
6.5634947
6.456747
6.8138895
6.897192
7.2168636
7.38456
7.2383623
7.429027
7.4074144
7.592642
7.674591
7.9320216
7.913384
7.730164
7.3407726
7.2085185
7.2242546
7.404474
7.477523
7.682261
7.621098
7.5951085
7.5319023
7.6173286
7.4609733
7.6441994
7.303325
7.3532295
6.9736905
7.1212344
6.8705106
7.1534195
6.9621143
6.972971
6.7972603
6.892391
6.4741945
6.487257
6.2463255
6.2370143
6.332765
6.631878
7.028952
7.174056
7.2738533
7.2234955
6.935286
6.9536867
6.687426
6.6278324
6.9022813
7.1079035
7.3090463
7.136665
7.280412
7.5371532
7.795539
7.9280453
8.102183
7.8711495
7.53988
7.342509
7.346016
7.7586164
7.8233066
7.7611275
7.642422
7.6101108
7.656636
7.4113216
7.3913713
7.362408
7.0279794
7.024558
6.711511
6.8887944
6.44767
6.63268
6.241186
6.2641044
6.2100544
6.2656736
6.2494135
6.223042
6.1329494
6.2435884
6.309052
6.764266
6.9824643
7.212519
7.1599493
7.044903
6.725493
6.827482
6.768857
6.756898
6.619137
6.7182913
6.5096326
6.3970037
6.189559
6.3551593
6.2006955
6.1863394
6.108564
6.204898
6.515659
7.0496926
7.2192435
7.154843
7.2217164
6.8864493
6.5444427
6.447368
6.267484
5.8997784
6.1326466
6.530116
6.7394023
6.4388833
6.545987
6.3761373
6.7060676
6.936927
6.9258823
7.0415325
7.0917954
7.0558453
6.836922
6.9559903
6.996434
6.9949255
7.0240707
7.0228443
7.130603
6.9844627
7.07228
7.0410237
7.0811176
6.8789635
6.526635
6.4925575
6.6734543
7.1354227
7.082144
7.3780565
7.415748
7.5688496
7.699284
7.7787952
7.6879616
7.749384
7.499888
7.496108
7.649636
7.736737
7.8663855
7.881203
7.6815805
7.6218014
7.7365584
7.7636557
7.599135
7.6081223
7.421553
7.731557
7.477597
7.771905
7.560727
7.393743
7.3613577
7.3562193
7.3739805
7.200746
7.164685
7.0262384
6.9643335
6.757367
6.710174
6.7087336
6.754545
6.667187
6.4650755
6.2417297
6.461815
6.2485085
6.452342
6.721857
7.374942
7.118364
7.424355
7.25341
7.422377
7.433124
7.7120667
7.6399956
7.772261
7.7829337
7.847383
7.8486576
8.080887
7.940804
8.140541
7.7515473
7.4425035
7.099288
7.002652
7.1307044
7.060853
7.18575
7.178645
7.078534
6.898875
6.991475
6.588975
6.6808887
6.5524735
6.741788
6.5042233
6.36569
6.537737
6.406585
6.360612
6.829792
6.5685406
6.698479
7.0394025
6.6146965
6.594038
6.524802
6.604557
6.6809845
6.8030787
7.0197473
7.1252847
7.144416
7.3459635
7.4286284
7.526973
7.7130456
7.7164245
7.7335854
7.6083703
7.5699377
7.401074
7.489452
7.0997806
7.230781
7.0509896
7.2563453
7.2812815
7.0862603
6.9827585
6.8984537
6.8350706
6.8589463
7.1412115
7.023811
7.076546
7.2343035
6.8277717
6.7723713
6.7243567
6.650069
6.5444818
6.280414
6.281153
6.3149986
6.3468113
6.424113
6.059066
6.1510396
5.909443
5.765734
5.8889856
5.7827587
6.1058917
6.278298
6.537786
7.085468
6.792169
7.035458
7.3206453
7.585586
7.176344
7.3694334
7.2145996
7.201499
7.190604
7.3378673
7.1378264
7.03027
7.070945
7.2141905
7.142262
6.943
6.9004683
6.7520485
6.7386556
6.478429
6.3195314
5.9266467
5.7912054
5.880484
5.9314804
6.0900297
6.1334677
6.1894007
6.306834
6.094638
6.2439947
6.084534
6.0069227
5.842957
5.9060063
6.137083
6.2840195
6.5840435
7.0114975
7.075532
7.083913
7.265722
7.358137
7.573199
7.581872
7.5549197
7.864395
7.816363
7.9505134
8.016774
7.8039727
7.579281
7.4487176
7.7160344
7.5141783
7.4394813
7.2583146
7.125932
7.034381
6.9964886
6.9882426
6.5706234
6.287701
6.33214
6.2233734
6.1551166
6.241579
6.174511
5.9196234
5.7123265
5.528636
5.6584234
5.3988647
5.6439066
5.5208755
5.5577846
5.6500955
5.655697
5.8818035
6.2946334
6.5254664
6.654993
6.8962154
6.7561297
6.9617877
7.1775956
6.7870708
7.2675877
7.55109
7.7951884
7.58362
7.779863
7.786075
7.895262
7.8254504
7.3878064
7.5243716
7.175103
7.1507006
7.0900693
7.024807
6.8976455
7.043782
6.834891
7.021478
6.992343
6.923785
6.856432
6.817148
6.7376018
6.661876
6.716363
7.137573
6.927313
6.9989533
6.90557
6.745405
6.6936564
6.38615
6.3634477
6.119803
6.085268
6.219097
6.361975
6.462431
6.699112
6.7954116
7.087961
7.2696505
7.2462897
7.236417
7.160143
7.4276476
7.3628273
7.525523
7.4565363
7.2249317
7.1618156
7.0947847
6.772887
6.0635347
6.379521
6.2681704
6.355828
6.331529
6.2996116
6.2526956
6.3101873
6.3019104
6.7536874
6.407014
6.301191
6.056345
5.9959164
6.179519
6.2483277
6.4686933
6.0390477
6.0088105
5.934763
6.205219
6.0813923
6.4630713
6.4600644
6.6198516
6.5078864
6.9464912
6.8149924
7.0695567
6.843966
6.979062
7.073487
7.0461783
7.007805
6.8858476
6.439782
6.326981
6.4921446
6.5782027
6.573328
6.2960577
6.459819
6.400029
6.410855
6.011228
6.217994
6.0403337
5.741002
5.574935
5.6923985
5.8315616
6.0415606
6.060242
6.1305413
6.2260785
6.3297563
6.4767494
6.4359927
6.537708
6.561784
6.505487
6.8316903
6.695326
6.90372
7.04987
7.079546
6.8570724
7.078964
6.9587455
7.0163617
6.937369
6.9161997
6.218732
6.4044046
6.459996
6.4051533
6.413573
6.310446
6.281479
6.2048554
6.320262
6.199261
5.823732
5.9755177
5.7316465
5.506627
5.9707007
6.039843
5.979202
6.2455583
5.9361086
6.487059
6.323035
6.295925
6.0132527
6.043215
6.0211678
6.0825214
5.7369304
5.9883204
5.471292
5.3738747
5.2250977
5.5508947
5.8379335
5.8374443
5.864202
6.285507
6.22551
6.187124
6.0416317
5.9925466
5.8026333
5.8486013
5.811616
6.1129255
6.076252
6.4956965
6.453882
6.5833855
6.610914
6.530954
6.3203983
6.434106
6.457985
6.416724
6.2695074
6.301328
6.1671906
6.278742
6.2998033
6.5349503
6.3788853
6.252342
6.529673
6.484788
6.4500113
6.437691
6.318263
6.2637305
5.990504
5.944975
5.9323587
5.9078526
6.007744
6.1938663
6.4522505
6.496063
6.7602606
6.7554836
6.8910923
7.1395664
7.41302
7.333522
7.1812515
7.1795397
6.9125824
6.589141
6.4925213
6.4973845
6.4642115
6.9735446
6.7988753
6.804739
6.441415
6.3410683
6.5062404
6.6098895
6.6134753
6.18623
6.1902633
5.577114
5.8986073
6.558455
6.6591687
6.5093575
6.9968376
7.0764823
7.181277
7.1731443
6.903657
7.1587586
7.0982304
6.9003177
7.2357435
7.1374273
7.1216784
6.8011723
6.963971
7.4053125
6.9880643
7.007191
6.3162017
6.566254
6.1683483
6.8817735
6.896686
7.135939
7.542001
7.271488
7.291266
7.090989
7.254047
7.2368984
7.047119
7.342572
7.05411
6.76418
6.8538055
6.834605
6.880892
6.76318
6.8279567
6.918085
7.0705905
6.885047
6.8554993
6.692829
6.8576655
6.668486
6.6571636
6.8742323
6.6837716
6.8580027
6.6844296
6.6309376
6.638636
6.664039
6.6709204
6.6775904
6.5555935
6.8788366
6.6983747
6.6211653
6.6642947
6.7800527
6.89216
6.645491
6.9408937
7.1355863
7.1892333
7.305309
7.191156
6.881783
6.695843
6.8703613
7.0583344
7.0689907
6.6064224
6.7256975
6.4843597
6.2907925
6.55245
6.7189436
6.4921055
6.4404874
6.360448
6.4763145
6.138867
6.086213
6.249734
6.2241173
6.158525
6.158971
6.0793085
6.280856
5.912421
6.3630047
6.536085
6.4198804
6.1311483
6.0518403
6.30621
6.158772
6.754532
6.869197
6.9170046
6.9513555
7.0120797
7.0795016
7.3311896
7.1528516
7.203927
7.1004725
7.2309275
7.5407
7.507974
7.1523237
7.008074
6.854836
6.6668835
6.477312
6.711005
6.5650506
6.379996
6.2261486
6.128886
6.0575113
5.9450393
5.971248
6.0314746
6.0985713
6.182657
6.1417155
5.946588
5.964827
5.8070426
5.930412
5.9381166
5.796141
5.701737
5.6954985
5.6484475
5.404939
4.9198637
5.147947
5.23702
6.2067013
6.9519024
6.9922
6.985785
7.0834303
6.6847258
6.958625
6.8913417
6.874045
6.753248
6.293677
6.0549946
6.0241923
5.933099
5.70737
5.5874147
5.4712095
5.5217476
5.6673584
5.7812557
5.5624676
5.558361
5.636042
5.951215
5.896441
5.9605455
6.1182075
5.8962035
5.6807637
5.1326895
5.0969653
5.0380554
4.987086
5.200891
5.5203576
5.4386983
5.1239
5.307909
5.2855296
5.318699
4.812263
4.3939304
3.470885
2.7925575
2.3010817
1.5317024
1.8364744
1.8882624
2.0707517
2.226277
2.2974222
2.3704867
2.381634
2.3292077
2.542706
2.344483
2.3604836
2.3755174
2.2826042
2.2433922
2.1374087
2.0355778
1.660977
1.7379687
1.5927181
1.9192669
1.5772626
1.8989295
2.1061506
1.9175602
1.4565967
1.288479
1.2874583
1.3252834
1.3431928
1.4711819
1.3032198
1.2409585
1.5103005
1.4205921
1.4980679
1.4052559
1.4416815
1.3531059
1.2572321
1.2897716
1.2260871
1.2468418
1.1933303
1.4608265
1.5262489
1.4975281
1.4022797
1.3288691
1.4363028
1.3225704
1.5267024
1.3141211
1.2250018
1.2219706
1.3886955
1.2402588
1.5344405
1.4158351
1.3202337
1.4381672
1.4259534
1.3172963
1.3238546
1.4397036
1.5472878
1.4386156
1.4897157
1.2791041
1.4515362
1.4632868
1.4969133
1.5234166
1.6256086
1.5882277
1.4799081
1.4447048
1.4475485
1.4763036
1.3584973
1.4051794
1.5908047
1.665625
1.447116
1.4436533
1.5755857
1.5216069
1.4420668
1.3514714
1.4994706
1.3469265
1.6748798
1.447503
1.5096215
1.4027297
1.6229268
1.4325734
1.428058
1.4097732
1.3867683
1.4311857
1.3440065
1.3902798
1.5241226
1.3174589
1.2595273
1.2911857
1.3350661
1.3286095
1.3683851
1.4694195
1.4483732
1.5257764
1.6051167
1.5221756
1.4722805
1.2879046
1.3621794
1.329229
1.5165206
1.5789454
1.666237
1.5023196
1.2494249
1.2722712
1.496216
1.4334985
1.5027987
1.4283416
1.5045536
1.262002
1.2143925
1.4211708
1.3953602
1.4178761
1.6155326
1.7138501
1.8262858
1.5188212
1.3420674
1.4709247
1.5371084
1.6450391
1.4681293
1.5566808
1.4657965
1.2933868
1.3669906
1.4861189
1.4984479
1.5841258
1.6728455
1.6040677
1.6969336
1.5426466
1.7638863
1.6713396
2.0261118
1.6862229
1.6437918
1.5982463
1.5926366
1.5918059
1.4207731
1.4527369
1.4600812
1.560582
1.7112212
1.5093447
1.5321962
1.6380033
1.6250844
1.4573349
1.4933249
1.5723283
1.6501089
1.6375751
1.5586593
1.5309031
1.4723426
1.5610709
1.5187639
1.471285
1.5665768
1.6869004
1.7103795
1.5535597
1.729955
1.8979517
1.9502368
1.7944245
1.7850494
1.9435809
1.8002164
1.8694081
2.2774272
2.1101143
1.6884965
1.6937419
1.6025002
1.625888
1.6839039
1.5762213
1.5077497
1.913324
1.9703808
1.8430517
1.7298802
1.5103511
1.6703317
1.5612832
1.3608031
1.5517694
1.6684436
1.6610941
1.8203499
1.7569908
1.9836805
2.1801968
2.0212939
2.1014242
1.6357131
1.7080014
1.7191647
1.5459342
1.6032554
1.5835612
1.6420237
1.561372
1.575307
1.6330221
1.6413925
1.4814501
1.4904525
1.4961863
1.516212
1.6987128
1.5329758
1.5964683
1.6768292
1.6558921
1.5584972
1.6309363
1.6193167
1.681111
1.7582036
1.753984
1.8207886
1.7948408
1.7767072
1.7467678
1.7491088
1.6842208
1.5396874
1.4941643
1.7731267
1.7602843
1.6667306
1.91887
1.5106032
1.5410603
1.7609477
1.6877103
1.5881002
1.7071716
1.7315707
1.9104573
1.8162099
2.140869
1.967306
2.0635564
2.0249796
2.006369
1.8348913
1.9830185
2.08032
2.1834538
2.18624
1.847891
1.5453664
1.4165606
1.2559413
1.5140991
1.4015633
1.4470562
1.5829829
1.4099779
1.295792
1.4225705
1.3801806
1.3662844
1.4590815
1.408459
1.5057718
1.3828554
1.4371781
1.4056317
1.467431
1.3682396
1.5473908
1.7708563
1.640014
1.5069568
1.3223945
1.5252106
1.4174323
1.55894
1.6846782
1.6332206
1.4821608
1.5496898
1.8056122
1.8564221
1.9863573
1.9857221
1.6146414
1.5805628
1.5364822
1.4853659
1.5470827
1.6123068
1.5572709
1.5561671
1.4872357
1.4600981
1.5361601
1.4891766
1.6917316
1.5984676
1.52041
1.4091842
1.459151
1.3973106
1.5887265
1.4091158
1.5309817
1.4765728
1.5601208
1.617396
1.7193375
1.8338618
1.8400824
1.6623818
1.5826097
1.4962131
1.4320596
1.4577547
1.7842228
1.6898178
1.6912104
1.7167401
1.8399812
1.7816644
1.6565886
1.8637528
1.7600245
1.6280662
1.5044744
1.6679593
1.7733917
1.554791
1.5766462
1.5104775
1.4806069
1.4631269
1.6416336
1.543778
1.5985914
1.6120034
1.4473864
1.7073506
1.6562926
1.4100109
1.4421108
1.5719662
1.744905
1.6264783
1.630089
1.6090026
1.6241013
1.7201347
1.6524243
1.6842048
1.6579826
1.5610465
1.6047728
1.5192604
1.6493411
1.560627
1.3840199
1.5080085
1.5335473
1.4486073
1.4227287
1.429069
1.3440201
1.3374724
1.5312513
1.3913697
1.3354771
1.5375574
1.5051863
1.4957769
1.4962746
1.6566145
1.6982768
1.5697136
1.4176835
1.5010774
1.4474865
1.3510336
1.4843545
1.4229839
1.395038
1.3140643
1.4198804
1.2905097
1.2203145
1.3716527
1.5960789
1.8686657
1.6419463
1.5819366
1.6179245
1.5988334
1.6569494
1.6229284
1.5721834
1.5859978
1.5374538
1.8838862
1.5889678
1.5855219
1.5049914
1.5693393
1.4405717
1.4358908
1.5497717
1.3698385
1.6129388
1.456951
1.5150821
1.4181656
1.5282513
1.5644099
1.545594
1.7772089
1.4377482
1.6619927
1.583299
1.5469744
1.7461429
1.4392291
1.6688294
1.7201703
1.8498805
1.811966
1.716738
1.6517785
1.703644
1.7251103
1.6372833
1.6046479
1.6435354
1.3510853
1.3896005
1.5616674
1.4121855
1.2508695
1.3752208
1.4130923
1.3159515
1.5030043
1.5442228
1.4612797
1.7145536
1.5232855
1.5217974
1.453127
1.6379349
1.6215744
1.3842355
1.7763996
1.3791524
1.4526359
1.6327791
1.6650897
1.8524487
1.7545332
1.4182876
1.7547398
1.5968009
1.5190785
1.5008166
1.4713751
1.7361236
1.461724
1.4259243
1.4571252
1.4031632
1.5729867
1.4362103
1.4172525
1.4370366
1.4415486
1.502979
1.5263064
1.6710998
1.5901338
1.6404983
1.614381
1.3169662
1.2611816
1.3030878
1.4459503
1.188241
1.3161792
1.4257127
1.3738714
1.3087898
1.4361999
1.412151
1.2835212
1.6883687
1.7139318
1.6651297
1.5316011
1.4987366
1.331605
1.3706379
1.388947
1.576316
1.5749567
1.4174474
1.3491576
1.1761794
1.11407
1.100801
1.2312124
1.3526664
1.3069522
1.4973491
1.459032
1.4313115
1.368769
1.4368519
1.3575946
1.4461603
1.4551971
1.3116888
1.1774184
1.0579938
1.0817301
1.2682487
1.3168311
1.1177641
1.309785
1.2448952
1.3028313
1.2022655
1.2570109
1.415337
1.6732424
1.8564315
1.8550594
1.7090333
1.7286081
1.7385136
1.5345602
1.5099032
1.4752392
1.5095518
1.2693398
1.1984094
1.1877198
1.2990452
1.1791923
1.4421148
1.4268214
1.5794816
1.5908128
1.4537055
1.6769433
1.6172551
1.4967895
1.4785945
1.5151119
1.5009973
1.3733886
1.3072197
1.2996334
1.29862
1.2833287
1.3123167
1.2233831
0.9394464
1.0393955
1.1112981
1.231404
1.2539254
1.2170546
1.1294618
1.2331367
1.2012069
1.4704316
1.5907786
1.50411
1.2802951
1.3599749
1.4545234
1.5070873
1.5318412
1.4725953
1.7852759
1.5690353
1.5324345
1.541799
1.518854
1.4904187
1.3794199
1.4560008
1.425993
1.479721
1.4913344
1.396157
1.3911989
1.5744193
1.4172873
1.4976752
1.4052259
1.6962886
1.6539167
1.6249956
1.6607909
1.5815214
1.6479497
1.5338037
1.4274212
1.3811477
1.554838
1.5869468
1.6421356
1.469479
1.51052
1.2939651
1.5956297
1.4859821
1.6616323
1.9710448
1.4830638
1.2423251
1.452863
1.4624741
1.4653443
1.3573002
1.470494
1.5394397
1.4965274
1.5376369
1.5383159
1.4408735
1.4911972
1.5438355
1.5654274
1.4370755
1.4136856
1.3593266
1.639382
1.4102322
1.5543758
1.4153607
1.4108554
1.2643472
1.3198644
1.4567666
1.6265807
1.6143272
1.5393246
1.424242
1.7357905
1.4525007
1.4050716
1.6932912
1.6833436
1.6685717
1.4618515
1.3860879
1.3939681
1.4773364
1.5634836
1.3444664
1.3468177
1.4588889
1.5084158
1.4736867
1.681971
1.4983727
1.7662987
1.6399672
1.5975486
1.5165927
1.5278251
1.574404
1.558508
1.2331973
1.4353237
1.4626402
1.375423
1.6462653
1.452891
1.4393085
1.4353673
1.388441
1.294783
1.4392908
1.4409426
1.5832455
1.4170347
1.3414323
1.5265151
1.6682248
1.5657337
1.5335732
1.5591353
1.5879053
1.3846494
1.2895349
1.3443875
1.5435965
1.1188507
1.2722992
1.5300435
1.5588019
1.4393364
1.4586966
1.4630975
1.5658435
1.8351624
1.8004893
1.5782125
1.3711057
1.4777577
1.9084748
1.7736706
1.7595298
1.6454113
1.7010434
1.7765274
1.6649306
1.549334
1.6456839
1.6911303
1.9081349
1.8393855
1.9387568
1.7309513
1.7820212
2.1276486
1.986683
1.9318991
1.8105735
1.8411341
1.8040867
1.9521575
1.9332812
2.063174
1.9864619
2.0031483
2.0072918
1.9276625
1.8153907
1.8443197
1.853003
1.9330534
1.7778916
1.8123652
1.9146761
1.8694803
1.8847789
2.0328107
1.9833595
1.9028457
2.1008947
1.9646692
2.109375
2.0430691
2.1552763
2.1020193
2.2253153
2.182568
2.1339018
2.0995545
2.2107384
2.2464352
2.1833298
2.1415029
2.2110753
2.3045213
2.4842718
2.3351443
2.3419926
2.149453
2.2953095
2.3495865
2.349101
2.3439195
2.2442384
2.1593637
2.1040967
2.0836108
2.1561627
2.0378873
2.1897817
1.928122
1.8986093
1.9166287
1.9008901
1.858017
1.8249216
1.7147824
1.637517
1.7761956
1.6459792
1.632321
1.7146088
1.7856865
2.0255375
1.8946114
2.00458
2.1084464
1.9759455
1.8558902
1.9840763
2.0072572
1.9796946
1.819466
1.8195362
1.8937719
1.9336118
1.9530418
1.7540221
1.8641647
1.7936251
1.9875238
2.1743374
1.9821826
2.0359354
2.0096772
2.0078912
2.1136684
2.0200603
2.0653722
1.8742068
1.9410558
1.9240813
1.9835439
1.8947818
1.923351
1.9263026
1.8220706
1.8059772
1.8094782
1.6855005
1.7459301
1.5170761
1.66351
1.6270199
1.4777907
1.5504162
1.4490576
1.4403353
1.4713513
1.7752547
1.967534
1.8886555
1.7362043
1.4971763
1.5272423
1.436108
1.6362678
1.350344
1.3442644
1.337465
1.3194891
1.28699
1.2989526
1.3086581
1.4236264
1.371187
1.400264
1.5092524
1.6745305
1.5722978
1.4933007
1.221424
1.5189004
1.7270889
1.8636547
1.4597944
1.7498305
1.5576335
2.0720143
2.0507112
1.9896725
2.2970223
1.9682912
1.764166
1.783741
1.4676499
1.3743265
1.634881
1.8845465
1.9545076
1.5963395
1.2588531
1.5029542
1.2922313
1.5743028
1.7016531
1.658218
1.822095
1.6519053
1.4878886
1.6339947
1.8109004
1.8697237
1.9764594
1.796792
1.9228562
1.5608544
1.7289059
1.6327269
1.7392071
1.6157978
1.9187455
1.7675202
1.7934569
1.8214755
1.6166842
1.5804709
1.6798345
1.6335686
1.538398
1.3305804
1.459934
1.6424359
1.7476474
1.8405348
1.8444203
1.754756
1.6507106
1.8082424
1.8818508
1.7141407
1.6944666
1.6254623
1.5990816
1.3685682
1.665317
1.4436915
1.5040267
1.3454486
1.4320996
1.2715737
1.3361378
1.4310849
1.2295259
1.4240252
1.4623935
1.7247447
1.4474862
1.2306783
1.2406373
1.2347026
1.2968032
1.3202264
1.0465268
1.3141521
1.1549802
1.4388087
1.201126
1.6348519
0.87023973
1.2369918
